0.5458
0.391
0.8927
0.8694
0.8564
0.247
0.2142
0.0754
0.7291
0.5458
0.5484
0.1077
0.2764
0.2295
0.4656
0.6861
0.9651
0.3949
0.5201
0.1468
0.8476
0.001
0.4516
0.0966
0.224
0.2174
0.3471
0.7453
0.0575
0.0576
0.8239
0.4106
0.9281
0.8652
0.2367
0.8249
0.4944
0.2749
0.3848
0.9421
0.3604
0.4532
0.0075
0.3651
0.18
0.192
0.1302
0.4232
0.5037
0.7268
0.3105
0.7452
0.2028
0.8944
0.7234
0.3943
0.6972
0.7659
0.5362
0.3174
0.9369
0.1597
0.3333
0.7904
0.4926
0.2947
0.7497
0.9237
0.6823
0.0445
0.0329
0.4825
0.819
0.9894
0.2516
0.8205
0.6331
0.4373
0.5264
0.9087
0.9199
0.117
0.1594
0.8541
0.027
0.0201
0.2622
0.2581
0.0919
0.1035
0.1391
0.5797
0.7094
0.7415
0.6731
0.2507
0.6197
0.5156
0.8258
0.5555
0.9287
0.8626
0.2916
0.5626
0.0505
0.4929
0.1246
0.4024
0.4342
0.6084
0.3109
0.3605
0.396
0.6204
0.3932
0.4381
0.8045
0.3621
0.3314
0.8506
0.9189
0.2333
0.4836
0.3613
0.2404
0.9805
0.5318
0.5526
0.2016
0.808
0.2414
0.3276
0.4096
0.8131
0.9805
0.0995
0.432
0.5239
0.5461
0.605
0.4005
0.7361
0.6321
0.6934
0.2379
0.0985
0.916
0.9298
0.7805
0.9383
0.8366
0.3019
0.5218
0.49
0.7344
0.2839
0.2597
0.4835
0.4024
0.0626
0.414
0.3425
