0.9354
0.1488
0.9949
0.9857
0.9889
0.0821
0.0892
0.0014
0.8654
0.7267
0.663
0.0152
0.3483
0.6325
0.5877
0.8748
0.998
0.2672
0.6163
0.0383
0.9879
0.001
0.4222
0.2449
0.0651
0.0693
0.1638
0.8056
0.0076
0.001
0.9968
0.393
0.9974
0.9502
0.0166
0.9032
0.5303
0.1158
0.2405
0.9901
0.1909
0.5024
0.001
0.1129
0.3029
0.1071
0.0043
0.4937
0.648
0.9425
0.0029
0.9873
0.0778
0.9718
0.5677
0.3144
0.976
0.8687
0.3406
0.031
0.988
0.022
0.1937
0.8769
0.1923
0.0678
0.9041
0.9949
0.9734
0.0027
0.005
0.4124
0.9747
0.999
0.0558
0.9581
0.7745
0.347
0.7952
0.988
0.9951
0.0328
0.0706
0.9764
0.001
0.001
0.1815
0.1855
0.0048
0.0143
0.0273
0.6389
0.9232
0.9399
0.7023
0.0146
0.7762
0.5243
0.9604
0.6641
0.9947
0.9746
0.2255
0.5603
0.0027
0.4788
0.001
0.2348
0.6879
0.6679
0.1473
0.1487
0.4106
0.704
0.4007
0.4872
0.9175
0.2037
0.3114
0.9701
0.9963
0.0937
0.5075
0.1812
0.1135
0.999
0.5038
0.4516
0.054
0.9275
0.1081
0.2205
0.1689
0.9928
0.999
0.0075
0.5242
0.3733
0.6626
0.7646
0.4022
0.8776
0.6235
0.8691
0.087
0.0025
0.99
0.9976
0.8953
0.9948
0.9825
0.1611
0.4597
0.001
0.9339
0.1974
0.2858
0.6599
0.1972
0.0099
0.3378
0.2572
