0.8838
0.0607
0.999
0.896
0.993
0.1517
0.1169
0.001
0.9087
0.0248
0.7684
0.2528
0.4919
0.3856
0.7084
0.8654
0.9961
0.6795
0.5532
0.0145
0.9756
0.001
0.3892
0.0012
0.152
0.0537
0.115
0.8958
0.001
0.001
0.9641
0.4075
0.9927
0.991
0.0266
0.9417
0.4299
0.9955
0.2522
0.9922
0.1285
0.3526
0.001
0.0026
0.0225
0.0591
0.0495
0.4538
0.2957
0.9417
0.0321
0.9666
0.2736
0.9879
0.9716
0.9062
0.8309
0.869
0.3415
0.0321
0.9866
0.0194
0.1603
0.8424
0.9762
0.1521
0.8715
0.999
0.9058
0.001
0.0018
0.4829
0.8553
0.999
0.0917
0.9628
0.6739
0.6893
0.8628
0.999
0.9975
0.0769
0.0604
0.9772
0.001
0.001
0.0265
0.1838
0.001
0.0329
0.0167
0.5852
0.9181
0.9695
0.8531
0.0588
0.7602
0.4649
0.9754
0.7999
0.9956
0.9631
0.237
0.2773
0.001
0.6582
0.001
0.1923
0.8345
0.8533
0.0488
0.1013
0.4834
0.7072
0.5318
0.4224
0.9402
0.3306
0.1507
0.9731
0.999
0.0607
0.7309
0.3835
0.1361
0.999
0.5729
0.8388
0.0325
0.9696
0.1159
0.1583
0.4105
0.9951
0.999
0.0047
0.4521
0.9753
0.4746
0.998
0.6821
0.8823
0.6636
0.7869
0.0434
0.0029
0.9977
0.999
0.8497
0.9968
0.926
0.433
0.0052
0.001
0.9175
0.1299
0.0616
0.5647
0.3418
0.0022
0.454
0.2408
