0.4795
0.9981
0.3956
0.999
0.9554
0.001
0.2072
0.0908
0.9447
0.2885
0.3725
0.0574
0.0414
0.0514
0.5142
0.6738
0.999
0.0605
0.6532
0.1146
0.7059
0.999
0.605
0.001
0.001
0.0863
0.001
0.3562
0.6222
0.999
0.999
0.34
0.999
0.9939
0.0961
0.9948
0.4022
0.0564
0.6357
0.9969
0.5156
0.5457
0.8888
0.8616
0.033
0.236
0.2759
0.6304
0.8206
0.3453
0.0581
0.4297
0.1214
0.9976
0.8957
0.0845
0.9754
0.8422
0.8618
0.0135
0.9961
0.0761
0.32
0.9927
0.749
0.5511
0.6606
0.9793
0.1397
0.0327
0.013
0.5556
0.9792
0.999
0.5813
0.969
0.9113
0.3203
0.9738
0.9841
0.999
0.0609
0.1423
0.9674
0.0578
0.001
0.001
0.3728
0.001
0.3456
0.1313
0.7973
0.9339
0.9331
0.7202
0.0154
0.7286
0.4571
0.8851
0.531
0.999
0.997
0.1479
0.7983
0.0921
0.4949
0.678
0.5757
0.4605
0.9986
0.0929
0.5143
0.6247
0.5282
0.5358
0.5116
0.8698
0.143
0.0746
0.9403
0.9678
0.001
0.6132
0.1888
0.2838
0.999
0.3945
0.9271
0.1419
0.9147
0.0825
0.3143
0.9091
0.8054
0.999
0.001
0.2884
0.7518
0.8028
0.9855
0.5569
0.981
0.6324
0.1568
0.0117
0.001
0.999
0.9962
0.8127
0.999
0.002
0.001
0.4752
0.1382
0.001
0.0485
0.1164
0.0906
0.6356
0.0666
0.6521
0.0041
