0.9633
0.3353
0.7782
0.9821
0.556
0.2465
0.2861
0.0097
0.9087
0.5534
0.8091
0.7522
0.0717
0.0555
0.0425
0.3971
0.9894
0.1394
0.9819
0.0048
0.7305
0.4831
0.6601
0.886
0.1068
0.0182
0.0318
0.0845
0.0037
0.006
0.9425
0.3019
0.9968
0.8469
0.003
0.8428
0.7596
0.982
0.9219
0.614
0.6994
0.0095
0.0312
0.735
0.0288
0.9575
0.2397
0.5291
0.5163
0.9639
0.2238
0.1537
0.0048
0.9765
0.4372
0.0535
0.4505
0.9871
0.7916
0.0996
0.9937
0.0983
0.2116
0.7451
0.4336
0.468
0.9982
0.9944
0.9443
0.028
0.0143
0.0709
0.9841
0.9984
0.3589
0.5989
0.5306
0.162
0.229
0.9728
0.3087
0.1617
0.001
0.9886
0.001
0.001
0.0405
0.106
0.0018
0.0511
0.0112
0.4323
0.9182
0.9374
0.9978
0.0665
0.9683
0.7583
0.9868
0.6205
0.9903
0.7887
0.0747
0.5272
0.4777
0.3609
0.0292
0.0714
0.0424
0.805
0.0246
0.0582
0.1384
0.7906
0.0126
0.0824
0.5523
0.717
0.0352
0.8243
0.9989
0.371
0.4647
0.0787
0.0108
0.999
0.9538
0.2761
0.3773
0.9947
0.0317
0.583
0.4857
0.7518
0.8856
0.0268
0.549
0.116
0.6863
0.5345
0.2133
0.9743
0.4029
0.6932
0.0542
0.2053
0.9955
0.9934
0.6511
0.9886
0.5056
0.0219
0.1792
0.1625
0.4649
0.0143
0.0466
0.3059
0.1134
0.0011
0.277
0.4912
