0.8074
0.1459
0.9745
0.001
0.9739
0.0664
0.0866
0.0089
0.9346
0.4949
0.7163
0.5487
0.2734
0.3919
0.3583
0.8756
0.9982
0.443
0.7079
0.0172
0.9872
0.999
0.3017
0.242
0.0652
0.1025
0.1535
0.8087
0.0015
0.001
0.999
0.3916
0.9985
0.9833
0.0211
0.8919
0.081
0.001
0.2203
0.9802
0.4365
0.4227
0.0041
0.2281
0.0495
0.1043
0.0172
0.361
0.4603
0.8787
0.0387
0.6508
0.1576
0.9924
0.4535
0.3356
0.94
0.8716
0.497
0.0784
0.9827
0.3021
0.4587
0.8846
0.3969
0.0412
0.9068
0.999
0.8097
0.001
0.0047
0.9322
0.8744
0.999
0.0271
0.9598
0.6212
0.7895
0.8643
0.999
0.999
0.0235
0.0683
0.9434
0.0169
0.001
0.3443
0.0047
0.0224
0.0135
0.009
0.8697
0.7596
0.8979
0.7298
0.0032
0.9384
0.8461
0.9822
0.6687
0.999
0.999
0.2225
0.2037
0.006
0.9336
0.0025
0.306
0.6188
0.9916
0.1538
0.1244
0.4491
0.7065
0.184
0.1172
0.92
0.208
0.0969
0.9632
0.999
0.2058
0.7452
0.4059
0.0357
0.9964
0.5038
0.4698
0.408
0.9845
0.0574
0.0739
0.206
0.9883
0.999
0.0089
0.5825
0.9612
0.6647
0.9968
0.7802
0.896
0.8499
0.8586
0.0289
0.0109
0.9987
0.9976
0.9645
0.9983
0.9936
0.8035
0.127
0.0014
0.9334
0.0639
0.1312
0.5348
0.1164
0.0023
0.1742
0.0146
