0.4227
0.1526
0.9974
0.5942
0.8103
0.238
0.1192
0.003
0.8128
0.5153
0.6566
0.4914
0.5212
0.0901
0.3984
0.7959
0.9771
0.6888
0.6498
0.0555
0.9516
0.001
0.4269
0.0015
0.1713
0.1148
0.0628
0.7546
0.0723
0.0048
0.9929
0.5899
0.9597
0.9354
0.2863
0.8198
0.4457
0.9664
0.3723
0.9428
0.2817
0.4523
0.001
0.2349
0.0615
0.3596
0.083
0.3364
0.5026
0.9444
0.2118
0.8897
0.3471
0.9363
0.878
0.8874
0.6331
0.7756
0.271
0.4199
0.9699
0.0994
0.1821
0.8589
0.926
0.232
0.6403
0.9987
0.7725
0.0198
0.0059
0.2653
0.6732
0.979
0.084
0.5058
0.6868
0.6155
0.8727
0.9916
0.7767
0.0707
0.1734
0.8896
0.005
0.001
0.0977
0.2939
0.0016
0.0287
0.0667
0.5259
0.903
0.9523
0.5657
0.1622
0.6275
0.3856
0.8853
0.6643
0.9803
0.9415
0.2287
0.3886
0.0376
0.6461
0.0631
0.319
0.6797
0.6342
0.1208
0.347
0.4891
0.6233
0.5318
0.532
0.7599
0.3246
0.2366
0.9675
0.9773
0.1768
0.5706
0.4375
0.2202
0.9989
0.4631
0.6863
0.1715
0.8236
0.1665
0.2499
0.4354
0.9522
0.9982
0.0301
0.4656
0.8366
0.4435
0.9754
0.2353
0.753
0.7486
0.6589
0.1073
0.0099
0.986
0.9718
0.7283
0.9919
0.8336
0.6645
0.0201
0.4931
0.6082
0.1942
0.0844
0.4808
0.666
0.015
0.3902
0.3664
