0.8363
0.2353
0.992
0.9813
0.9297
0.213
0.2522
0.001
0.914
0.2752
0.7066
0.2488
0.426
0.3426
0.4885
0.5892
0.9859
0.6939
0.6415
0.0217
0.9225
0
0.4593
0.0661
0.1941
0.0895
0.0902
0.3698
0.0052
0.0115
0.8727
0.3011
0.9797
0.9685
0.0535
0.9143
0.2827
0.9741
0.2454
0.9793
0.296
0.4184
0
0.2028
0.0402
0.2333
0.0724
0.4434
0.3035
0.8914
0.7469
0.79
0.3085
0.9661
0.9134
0.8937
0.7711
0.8395
0.4265
0.3513
0.9703
0.0515
0.2542
0.7746
0.0007
0.2133
0.8618
0.9997
0.8992
0.0086
0.0075
0.5768
0.8294
0.9993
0.0618
0.9112
0.7215
0.4752
0.0073
0.9985
0.9845
0.0886
0.1527
0.9545
0.0002
0.0001
0.0959
0.2046
0.0013
0.0037
0.042
0.5938
0.8839
0.95
0.7956
0.1516
0.7277
0.4957
0.9263
0.6557
0.9878
0.9062
0.3798
0.5029
0.007
0.5969
0.006
0.3345
0.4161
0.8227
0.1055
0.2537
0.3433
0.9133
0.3719
0.3303
0.8344
0.3446
0.1191
0.9522
0.9929
0.1318
0.5782
0.3639
0.0619
0.9994
0.5759
0.6892
0.1034
0.9498
0.0823
0.2108
0.3127
0.9775
0.9982
0.0182
0.3203
0.9328
0.7719
0.9883
0.5522
0.8472
0.6742
0.7526
0.133
0.0069
0.9973
0.9957
0.8439
0.9931
0.8862
0.3253
0.0334
0.0036
0.8286
0.1128
0.0862
0.5182
0.2691
0.013
0.4706
0.0394
