0.9542
0.8382
0.9363
0.9248
0.5821
0.3185
0.0607
0.1742
0.9658
0.2492
0.7264
0.4292
0.0144
0.5702
0.2294
0.4783
0.94
0.136
0.9042
0.0856
0.9323
0.3376
0.7688
0.5604
0.1614
0.1596
0.1079
0.506
0.0059
0.0184
0.5633
0.7143
0.9835
0.7899
0.0293
0.9326
0.2625
0.9549
0.5718
0.6633
0.3813
0.5215
0.0721
0.5493
0.0831
0.6908
0.3298
0.6687
0.524
0.7332
0.5005
0.3963
0.0084
0.8793
0.7723
0.1144
0.6637
0.9243
0.7271
0.2792
0.9942
0.0799
0.1113
0.975
0.4647
0.7711
0.9887
0.9779
0.8855
0.0714
0.0473
0.5001
0.3943
0.9902
0.4507
0.883
0.4355
0.2787
0.5016
0.9899
0.2595
0.19
0.0427
0.9581
0.05
0.1097
0.0482
0.1067
0.1218
0.0168
0.025
0.6294
0.7174
0.8074
0.982
0.0283
0.763
0.6053
0.7163
0.5027
0.915
0.6786
0.0883
0.2812
0.122
0.4773
0.1169
0.5075
0.4016
0.6141
0.1605
0.8023
0.353
0.497
0.2667
0.4656
0.8446
0.4995
0.0899
0.7083
0.9948
0.1834
0.3803
0.3482
0.139
0.864
0.5024
0.6369
0.1133
0.9842
0.143
0.4194
0.1956
0.8689
0.9767
0.2065
0.5346
0.6738
0.3838
0.4614
0.1477
0.964
0.498
0.9217
0.1222
0.2558
0.9935
0.9946
0.3897
0.8921
0.2247
0.0897
0.3974
0.0966
0.2954
0.138
0.2094
0.3682
0.2607
0.0267
0.2473
0.2695
