0.6
0.704
0.66
0.706
0.664
0.308
0.228
0.212
0.744
0.472
0.66
0.57
0.308
0.312
0.216
0.45
0.77
0.294
0.568
0.25
0.764
0.502
0.534
0.444
0.332
0.212
0.314
0.368
0.242
0.224
0.606
0.562
0.738
0.816
0.186
0.818
0.334
0.65
0.476
0.804
0.386
0.526
0.34
0.7
0.284
0.656
0.366
0.642
0.462
0.706
0.42
0.52
0.166
0.794
0.65
0.226
0.366
0.794
0.734
0.356
0.844
0.396
0.498
0.752
0.432
0.622
0.83
0.94
0.74
0.178
0.326
0.398
0.414
0.704
0.336
0.592
0.474
0.36
0.56
0.78
0.618
0.244
0.044
0.834
0.084
0.112
0.352
0.366
0.228
0.206
0.23
0.688
0.696
0.788
0.862
0.294
0.726
0.71
0.672
0.438
0.84
0.552
0.146
0.374
0.308
0.63
0.328
0.508
0.442
0.516
0.172
0.484
0.588
0.548
0.44
0.224
0.666
0.402
0.314
0.802
0.856
0.278
0.534
0.476
0.166
0.836
0.584
0.57
0.148
0.974
0.29
0.396
0.412
0.842
0.902
0.13
0.462
0.606
0.284
0.7
0.35
0.934
0.5
0.592
0.182
0.294
0.896
0.918
0.476
0.85
0.528
0.37
0.368
0.43
0.444
0.158
0.176
0.484
0.522
0.172
0.27
0.458
