0.3866
0.7114
0.8997
0.9461
0.9245
0.1219
0.1609
0.0517
0.8997
0.0901
0.5748
0.1145
0.1509
0.0888
0.2709
0.7943
0.9863
0.2539
0.9055
0.0497
0.8616
0.0302
0.6953
0.7995
0.3723
0.1173
0.2668
0.8823
0.1635
0.7301
0.9591
0.1983
0.7372
0.8984
0.1598
0.9791
0.8873
0.1552
0.3776
0.8991
0.1317
0.7442
0.0114
0.6885
0.0844
0.1457
0.4356
0.6321
0.6186
0.7858
0.0787
0.6818
0.1612
0.9548
0.8145
0.322
0.8888
0.818
0.9114
0.7869
0.93
0.333
0.1966
0.8948
0.933
0.2063
0.8735
0.9038
0.3577
0.0905
0.0509
0.7057
0.9005
0.9018
0.4663
0.8611
0.7718
0.5898
0.9486
0.6912
0.9423
0.1214
0.0977
0.9831
0.0896
0.0462
0.2263
0.0831
0.0555
0.0954
0.0109
0.8493
0.7783
0.7846
0.7778
0.4107
0.7353
0.6485
0.9482
0.3228
0.678
0.5723
0.0634
0.8623
0.1111
0.4124
0.6397
0.3971
0.144
0.8175
0.0707
0.3406
0.3022
0.6196
0.1309
0.6302
0.9598
0.3832
0.305
0.8188
0.9402
0.6743
0.6302
0.4551
0.0458
0.8237
0.6525
0.7827
0.1417
0.905
0.148
0.3689
0.6984
0.99
0.9026
0.0397
0.2739
0.6253
0.8648
0.9386
0.4946
0.9707
0.7305
0.8506
0.1827
0.0575
0.9796
0.9644
0.7593
0.8225
0.9089
0.0397
0.2013
0.1515
0.7728
0.1226
0.0179
0.2415
0.5336
0.1177
0.7432
0.4276
