0.5584
0.2542
0.991
0.2545
0.9744
0.3003
0.09
0.0051
0.8685
0.2959
0.5781
0.2923
0.4108
0.2194
0.365
0.6993
0.9316
0.4426
0.806
0.0827
0.9343
0.001
0.5026
0.001
0.1432
0.1297
0.2126
0.9219
0.0213
0.0029
0.8669
0.5076
0.6494
0.9082
0.1257
0.9699
0.3923
0.8967
0.3937
0.9592
0.2783
0.443
0.001
0.222
0.0474
0.199
0.1333
0.346
0.6991
0.9466
0.0713
0.6716
0.1386
0.9951
0.9756
0.3457
0.8274
0.8646
0.4658
0.2138
0.8786
0.4685
0.2727
0.717
0.4333
0.1713
0.7554
0.9935
0.1307
0.0231
0.0018
0.3266
0.7367
0.9882
0.1657
0.707
0.7176
0.5473
0.2111
0.9861
0.6045
0.0871
0.1021
0.9307
0.2624
0.001
0.2372
0.2446
0.0046
0.0833
0.1101
0.5641
0.892
0.8681
0.9009
0.0544
0.66
0.6091
0.9771
0.7024
0.9633
0.9257
0.2314
0.4976
0.0556
0.7506
0.0223
0.4259
0.4773
0.6716
0.1762
0.1865
0.4178
0.6541
0.4521
0.4819
0.8904
0.4226
0.253
0.9479
0.9976
0.1574
0.75
0.2742
0.2316
0.9966
0.7031
0.5662
0.2031
0.8505
0.2064
0.252
0.4844
0.9771
0.9958
0.0199
0.4658
0.5691
0.4405
0.8345
0.929
0.9062
0.7653
0.6046
0.2183
0.005
0.9634
0.9774
0.9015
0.9762
0.8029
0.6358
0.1531
0.3479
0.6357
0.3367
0.189
0.5546
0.4898
0.0213
0.3772
0.3285
