0.682
0.682
0.688
0.636
0.602
0.298
0.426
0.048
0.754
0.372
0.614
0.368
0.41
0.318
0.192
0.516
0.71
0.408
0.792
0.168
0.822
0.588
0.636
0.584
0.292
0.084
0.34
0.304
0.428
0.112
0.604
0.478
0.704
0.822
0.336
0.794
0.29
0.71
0.572
0.824
0.502
0.57
0.29
0.614
0.304
0.594
0.346
0.716
0.498
0.904
0.416
0.57
0.428
0.768
0.698
0.298
0.5
0.76
0.734
0.41
0.87
0.434
0.472
0.766
0.54
0.586
0.776
0.828
0.716
0.122
0.378
0.398
0.434
0.79
0.426
0.584
0.596
0.42
0.552
0.848
0.574
0.348
0.228
0.842
0.316
0.064
0.368
0.33
0.192
0.396
0.298
0.698
0.77
0.824
0.836
0.328
0.616
0.598
0.704
0.412
0.804
0.564
0.336
0.37
0.362
0.69
0.358
0.434
0.426
0.544
0.244
0.394
0.604
0.584
0.516
0.226
0.568
0.446
0.208
0.808
0.914
0.346
0.538
0.5
0.058
0.642
0.566
0.49
0.1
0.866
0.336
0.34
0.428
0.814
0.894
0.126
0.494
0.546
0.51
0.546
0.438
0.956
0.528
0.544
0.21
0.236
0.838
0.782
0.446
0.896
0.604
0.264
0.432
0.264
0.468
0.196
0.204
0.372
0.478
0.238
0.292
0.426
