0.6099
0.3651
0.9853
0.7739
0.9783
0.0849
0.0468
0.001
0.8968
0.3803
0.5121
0.0735
0.1636
0.2353
0.242
0.8726
0.9979
0.2231
0.7736
0.0094
0.9916
0.001
0.517
0.0128
0.0469
0.0639
0.398
0.9089
0.0241
0.0015
0.9587
0.299
0.9659
0.9918
0.0751
0.9798
0.2616
0.7517
0.2926
0.9916
0.2378
0.4419
0.0017
0.2746
0.1594
0.0873
0.0323
0.4378
0.5893
0.9703
0.0422
0.8252
0.0408
0.7043
0.6781
0.1786
0.934
0.8917
0.2308
0.0777
0.9486
0.346
0.1719
0.7573
0.095
0.0951
0.8283
0.9987
0.3987
0.0044
0.0039
0.7629
0.9375
0.999
0.0645
0.5622
0.7613
0.409
0.636
0.999
0.854
0.0464
0.0704
0.9763
0.0424
0.001
0.1392
0.0499
0.0058
0.0336
0.0162
0.9686
0.8621
0.9708
0.9176
0.0348
0.6308
0.5457
0.9853
0.4203
0.9935
0.9769
0.1356
0.5628
0.0031
0.486
0.0108
0.3703
0.402
0.7468
0.158
0.1456
0.2709
0.669
0.2488
0.152
0.8985
0.2038
0.1974
0.9611
0.9979
0.1702
0.8176
0.1299
0.0184
0.999
0.6606
0.3925
0.0853
0.925
0.0527
0.1666
0.2914
0.9886
0.999
0.0049
0.2741
0.5232
0.5828
0.8674
0.403
0.7262
0.6866
0.7669
0.1565
0.0028
0.984
0.9822
0.9279
0.995
0.9848
0.4044
0.6738
0.4678
0.9246
0.1086
0.1894
0.575
0.36
0.008
0.1034
0.0982
