0.9661
0.999
0.3012
0.001
0.9554
0.2427
0.101
0.001
0.9447
0.2885
0.3358
0.8825
0.0379
0.0963
0.5142
0.4351
0.9959
0.0608
0.6532
0.2652
0.999
0.999
0.678
0.001
0.0038
0.0264
0.001
0.001
0.4179
0.999
0.999
0.4467
0.9989
0.9949
0.1434
0.9927
0.3418
0.001
0.7084
0.999
0.5028
0.5101
0.8771
0.8616
0.0502
0.6374
0.2301
0.6904
0.999
0.9686
0.0581
0.5179
0.2027
0.9944
0.9961
0.3993
0.9761
0.8921
0.8564
0.0135
0.9986
0.0184
0.3763
0.9967
0.7185
0.5098
0.7434
0.999
0.1685
0.0254
0.0121
0.6684
0.9832
0.999
0.5813
0.999
0.8862
0.3147
0.9611
0.8829
0.001
0.1832
0.1653
0.9535
0.5713
0.001
0.001
0.6008
0.001
0.001
0.2287
0.8501
0.5579
0.999
0.9913
0.0531
0.6774
0.8741
0.8509
0.7668
0.999
0.9941
0.6076
0.7643
0.1084
0.2167
0.678
0.5757
0.3721
0.983
0.1362
0.5143
0.4472
0.7313
0.4181
0.4773
0.969
0.2357
0.0671
0.8705
0.9678
0.253
0.6567
0.1051
0.2532
0.999
0.7138
0.9271
0.2103
0.9853
0.0864
0.0143
0.9091
0.9983
0.999
0.001
0.3427
0.9537
0.001
0.9875
0.3072
0.9844
0.6633
0.4211
0.0133
0.001
0.9974
0.9961
0.8435
0.999
0.1769
0.001
0.9285
0.1077
0.001
0.0841
0.1335
0.3767
0.6356
0.0736
0.6106
0.004
