0.9192
0.9671
0.8754
0.9425
0.834
0.3498
0.3797
0.001
0.9858
0.4179
0.8968
0.1657
0.1592
0.3123
0.1437
0.6731
0.9698
0.2035
0.9882
0.0261
0.9798
0.2197
0.7045
0.8672
0.0791
0.0178
0.0799
0.0187
0.0145
0.0104
0.4549
0.2574
0.999
0.5344
0.0943
0.9608
0.3626
0.9603
0.9276
0.9192
0.6624
0.1009
0.015
0.0968
0.0665
0.3795
0.2359
0.5588
0.7094
0.9911
0.04
0.3741
0.0267
0.9651
0.9337
0.2014
0.7118
0.9946
0.9479
0.0372
0.9982
0.2624
0.3754
0.8894
0.2543
0.6457
0.9175
0.9986
0.8883
0.0498
0.168
0.238
0.4813
0.993
0.2562
0.9167
0.8628
0.4387
0.8585
0.9293
0.3141
0.1636
0.0062
0.9901
0.0301
0.001
0.02
0.0528
0.0047
0.0148
0.0131
0.4832
0.9154
0.9572
0.9835
0.0273
0.8441
0.4486
0.967
0.7931
0.969
0.7984
0.0703
0.1205
0.39
0.9662
0.0914
0.089
0.107
0.4993
0.3351
0.0408
0.2236
0.703
0.1309
0.0478
0.8696
0.6568
0.0573
0.9472
0.9973
0.2898
0.4549
0.6261
0.0201
0.995
0.644
0.3186
0.062
0.9984
0.1288
0.031
0.0313
0.9602
0.9811
0.0238
0.601
0.6025
0.658
0.5678
0.212
0.9908
0.562
0.815
0.087
0.0278
0.9872
0.9573
0.7782
0.9867
0.7949
0.1983
0.0435
0.0791
0.7613
0.1179
0.1129
0.4169
0.1286
0.0857
0.2541
0.7226
