0.9446
0.8972
0.9688
0.4659
0.9965
0.1467
0.0631
0.001
0.9
0.9653
0.9373
0.0232
0.4812
0.0447
0.8578
0.7506
0.9932
0.5297
0.5877
0.0935
0.9869
0.001
0.2604
0.4598
0.0939
0.0685
0.4995
0.5313
0.001
0.0207
0.8071
0.3128
0.9973
0.9566
0.0079
0.9192
0.0432
0.6672
0.0897
0.9985
0.2322
0.3366
0.001
0.1867
0.0095
0.115
0.0089
0.8422
0.379
0.8912
0.17
0.7147
0.3276
0.9915
0.9527
0.2312
0.9176
0.8462
0.3155
0.2193
0.999
0.0179
0.5343
0.9772
0.2145
0.1904
0.8164
0.9964
0.2743
0.0011
0.0071
0.9923
0.7372
0.999
0.0534
0.93
0.3092
0.4013
0.5317
0.999
0.9093
0.0166
0.0941
0.8866
0.001
0.001
0.1742
0.2206
0.0099
0.0031
0.02
0.5496
0.7857
0.953
0.9474
0.1454
0.9029
0.592
0.9067
0.7111
0.9949
0.9623
0.2142
0.4963
0.0032
0.871
0.0018
0.2207
0.6126
0.8503
0.1837
0.2003
0.2364
0.7858
0.46
0.0904
0.846
0.2685
0.2066
0.9809
0.999
0.0483
0.5053
0.3813
0.0075
0.999
0.5262
0.4215
0.0628
0.9516
0.0692
0.0179
0.4002
0.9806
0.999
0.0203
0.5382
0.5605
0.8048
0.8528
0.593
0.9286
0.697
0.6246
0.0788
0.0021
0.9785
0.99
0.9051
0.999
0.966
0.1285
0.151
0.001
0.9464
0.0651
0.1131
0.6433
0.4172
0.0015
0.4218
0.0634
