0.6816
0.2191
0.999
0.9909
0.9651
0.1523
0.0126
0.0016
0.9521
0.728
0.5791
0.3922
0.302
0.1163
0.5461
0.9107
0.9972
0.4103
0.8006
0.0169
0.9837
0.001
0.461
0.0022
0.0817
0.0791
0.1654
0.024
0.0027
0.001
0.7116
0.0659
0.8743
0.9916
0.0321
0.9711
0.2987
0.999
0.339
0.9921
0.2164
0.3456
0.001
0.1183
0.0142
0.8058
0.095
0.367
0.5251
0.9589
0.7906
0.5859
0.0927
0.9428
0.2516
0.2551
0.7582
0.9351
0.4206
0.3419
0.9912
0.014
0.129
0.8333
0.9762
0.0791
0.973
0.999
0.1636
0.001
0.001
0.5345
0.6773
0.999
0.0185
0.9283
0.6942
0.6893
0.8628
0.999
0.9302
0.0532
0.0281
0.9762
0.001
0.001
0.0151
0.0697
0.0032
0.001
0.0167
0.7226
0.9156
0.9425
0.9032
0.0588
0.6775
0.4623
0.9892
0.7466
0.9956
0.9631
0.4935
0.222
0.0039
0.5786
0.001
0.3328
0.5071
0.9072
0.0488
0.2105
0.3109
0.9839
0.3423
0.1914
0.9319
0.3777
0.1507
0.9597
0.9987
0.1152
0.8536
0.1824
0.0396
0.999
0.1515
0.6674
0.0525
0.9449
0.1269
0.2435
0.2653
0.9931
0.999
0.0044
0.4521
0.8649
0.9898
0.87
0.9239
0.8861
0.6636
0.7118
0.0434
0.0042
0.9958
0.9971
0.9126
0.9978
0.903
0.559
0.4268
0.7236
0.8887
0.1299
0.0616
0.5082
0.1961
0.002
0.2748
0.0794
