0.9683
0.8372
0.8719
0.8801
0.7818
0.2047
0.0512
0.0305
0.9874
0.1806
0.7468
0.5279
0.0264
0.6482
0.2617
0.447
0.9227
0.1897
0.8767
0.0815
0.9469
0.2579
0.8512
0.0798
0.3755
0.1072
0.1728
0.521
0.0058
0.003
0.5728
0.4119
0.9258
0.8025
0.0277
0.9484
0.2225
0.956
0.4894
0.7831
0.7395
0.7113
0.1223
0.468
0.1437
0.6948
0.3143
0.6474
0.292
0.8671
0.3522
0.6151
0.0394
0.9257
0.8315
0.1597
0.8187
0.9147
0.8377
0.218
0.9944
0.2485
0.09
0.9742
0.5104
0.8829
0.9902
0.9708
0.7846
0.078
0.0106
0.5982
0.2899
0.9666
0.4149
0.9264
0.5578
0.1991
0.3194
0.971
0.1038
0.1386
0.0225
0.9193
0.1423
0.0195
0.0112
0.1772
0.0151
0.0495
0.0252
0.7342
0.7801
0.882
0.9784
0.0216
0.7554
0.7568
0.8537
0.4667
0.891
0.5518
0.0806
0.2564
0.1766
0.4375
0.0319
0.4224
0.3777
0.431
0.105
0.7853
0.3872
0.4295
0.3349
0.3654
0.8866
0.5489
0.0854
0.7009
0.9819
0.3176
0.5167
0.2531
0.1018
0.9829
0.584
0.6001
0.1704
0.99
0.0981
0.343
0.4369
0.9756
0.9719
0.0688
0.5671
0.5957
0.2825
0.5154
0.1162
0.9943
0.3826
0.8083
0.1329
0.0867
0.9947
0.996
0.4564
0.9363
0.5012
0.0122
0.4121
0.0476
0.1976
0.0968
0.1617
0.3254
0.3721
0.068
0.2014
0.2417
