0.5744
0.3972
0.8771
0.6109
0.8461
0.2399
0.3082
0.042
0.7628
0.4269
0.5263
0.2229
0.2682
0.2469
0.3467
0.684
0.9651
0.3617
0.6111
0.121
0.9172
0.0053
0.5105
0.2877
0.1729
0.1832
0.4068
0.5002
0.0699
0.0072
0.9292
0.3494
0.8937
0.9224
0.1773
0.8541
0.3847
0.5695
0.406
0.9431
0.3589
0.3678
0.0258
0.3706
0.1283
0.2319
0.1675
0.4265
0.5036
0.7939
0.1682
0.5734
0.1888
0.8538
0.7759
0.3461
0.7154
0.7666
0.5573
0.2692
0.9157
0.3696
0.3157
0.7463
0.4908
0.2502
0.7438
0.9321
0.5548
0.0437
0.0413
0.576
0.8073
0.9934
0.214
0.7163
0.6165
0.4418
0.5846
0.9796
0.7838
0.1246
0.2164
0.8792
0.1524
0.0092
0.3469
0.2146
0.0658
0.037
0.1589
0.6268
0.7113
0.8143
0.7435
0.2706
0.6228
0.5315
0.8766
0.5624
0.9174
0.8665
0.3434
0.5626
0.0566
0.5499
0.1522
0.4188
0.4084
0.6423
0.3348
0.3295
0.3726
0.8063
0.3883
0.3102
0.7587
0.3152
0.356
0.8676
0.9502
0.2392
0.541
0.3393
0.1589
0.9826
0.5513
0.4881
0.1887
0.7861
0.2298
0.292
0.425
0.8254
0.99
0.0816
0.4082
0.5799
0.6619
0.6609
0.5985
0.7385
0.5999
0.6215
0.2725
0.0631
0.9248
0.9313
0.8161
0.9552
0.8695
0.2572
0.518
0.4383
0.7251
0.2599
0.2819
0.3463
0.4596
0.072
0.3625
0.2574
