0.7102
0.7376
0.914
0.8712
0.9044
0.0495
0.1152
0.0829
0.794
0.0994
0.6868
0.1593
0.0653
0.1235
0.3118
0.8116
0.8294
0.2481
0.793
0.0358
0.8294
0.0089
0.8294
0.2083
0.8294
0.1708
0.7131
0.6465
0.0267
0.0495
0.8294
0.0409
0.8294
0.845
0.096
0.887
0.5031
0.1582
0.5136
0.9129
0.0892
0.8293
0.0095
0.3359
0.0507
0.1359
0.4834
0.6322
0.5296
0.8081
0.1438
0.7044
0.1582
0.8917
0.8302
0.1582
0.9819
0.9413
0.7722
0.8782
0.858
0.1582
0.3817
0.8346
0.875
0.1609
0.9339
0.8712
0.2052
0.049
0.0163
0.8045
0.9145
0.9159
0.4675
0.8881
0.7667
0.5454
0.9294
0.8973
0.8712
0.1103
0.0409
0.8682
0.1582
0.0755
0.0495
0.3979
0.0949
0.0323
0.0158
0.7997
0.782
0.7979
0.8712
0.3449
0.5402
0.8712
0.8552
0.3985
0.8764
0.7205
0.0416
0.8772
0.061
0.4822
0.608
0.4033
0.1041
0.8712
0.0863
0.3428
0.2992
0.6514
0.0891
0.227
0.9852
0.8289
0.2825
0.8394
0.9157
0.7168
0.4402
0.3261
0.0386
0.8544
0.6335
0.7166
0.1035
0.8712
0.0787
0.3014
0.4959
0.8925
0.8547
0.0945
0.2303
0.8712
0.9411
0.8712
0.0888
0.8865
0.7569
0.8294
0.1311
0.1075
0.9039
0.9586
0.8889
0.8525
0.8294
0.0495
0.1324
0.0722
0.8294
0.0585
0.108
0.0497
0.5218
0.0682
0.5761
0.2634
