0.9451
0.2537
0.9968
0.9955
0.961
0.0391
0.0822
0.0288
0.7608
0.7993
0.9186
0.3264
0.4705
0.2015
0.5462
0.7681
0.9993
0.4138
0.7759
0.0502
0.6461
0
0.5997
0.0434
0.17
0.1299
0.2586
0.1575
0.0003
0.0007
0.4208
0.3797
0.98
0.9456
0.0742
0.9934
0.3931
0.9868
0.372
0.9887
0.2529
0.5461
0.0001
0.3204
0.0262
0.3827
0.0231
0.6899
0.6198
0.7831
0.6029
0.9339
0.2117
0.9601
0.8991
0.3694
0.8354
0.8395
0.2643
0.2515
0.9579
0.0708
0.2689
0.7805
0.0405
0.2388
0.9046
0.9972
0.1976
0.0034
0.0038
0.4334
0.8353
0.9982
0.107
0.9897
0.7666
0.5309
0.0535
0.9815
0.7388
0.0795
0.1269
0.9352
0.0009
0.0008
0.1934
0.065
0.0214
0.0005
0.06
0.9228
0.8266
0.8292
0.8044
0.0449
0.5577
0.4896
0.9814
0.354
0.9708
0.8367
0.4038
0.4438
0.0111
0.7078
0.0017
0.2722
0.512
0.8383
0.2613
0.2749
0.3425
0.9251
0.4355
0.516
0.857
0.4222
0.1731
0.916
0.9912
0.1978
0.9122
0.502
0.1613
0.9971
0.2694
0.462
0.1041
0.8997
0.1718
0.1899
0.2624
0.9884
0.9971
0.0054
0.2948
0.7282
0.9066
0.7681
0.4783
0.8358
0.7105
0.7567
0.1344
0.0231
0.987
0.9759
0.8373
0.9788
0.778
0.4084
0.2476
0.0042
0.8337
0.162
0.1834
0.3755
0.3961
0.014
0.2807
0.3163
