0.636
0.814
0.8374
0.8025
0.8263
0.1317
0.2985
0.565
0.8359
0.1123
0.7426
0.2496
0.1732
0.186
0.1434
0.8392
0.8808
0.2622
0.4868
0.6651
0.646
0.8643
0.3763
0.4001
0.1207
0.1959
0.1704
0.4291
0.1846
0.2023
0.8363
0.2227
0.8768
0.821
0.243
0.9564
0.4254
0.1867
0.5189
0.8393
0.234
0.3766
0.0536
0.3587
0.2141
0.3764
0.1785
0.4516
0.5986
0.4964
0.4456
0.8379
0.2231
0.9763
0.1133
0.2934
0.7856
0.7743
0.6823
0.4058
0.8206
0.1466
0.4408
0.8202
0.7814
0.1586
0.8105
0.8227
0.9002
0.1182
0.0919
0.8163
0.8348
0.8349
0.4146
0.877
0.1655
0.3148
0.8583
0.7477
0.8518
0.1526
0.1362
0.9409
0.132
0.1827
0.6522
0.0343
0.2151
0.1292
0.1488
0.5902
0.3676
0.7645
0.6576
0.7059
0.8145
0.7413
0.9138
0.5592
0.8764
0.9166
0.0977
0.7987
0.5611
0.5874
0.5881
0.3807
0.2216
0.8433
0.2662
0.2724
0.2002
0.7725
0.2104
0.1299
0.8093
0.3782
0.4652
0.835
0.86
0.2104
0.3037
0.3214
0.1417
0.8544
0.567
0.4654
0.2756
0.8425
0.2086
0.2061
0.4988
0.2694
0.8212
0.1072
0.2871
0.7919
0.298
0.5715
0.3619
0.9264
0.7717
0.5927
0.1888
0.2281
0.6748
0.8007
0.9302
0.8544
0.8144
0.1966
0.8373
0.7197
0.7859
0.3689
0.0688
0.5723
0.5705
0.1782
0.225
0.6525
