0.9882
0.8419
0.9435
0.7412
0.956
0.0834
0.8357
0.0135
0.7229
0.5375
0.8917
0.2608
0.3442
0.8179
0.1122
0.9353
0.9544
0.2809
0.4497
0.5008
0.8667
0.001
0.2493
0.9984
0.2174
0.1355
0.2172
0.432
0.001
0.1291
0.5006
0.0021
0.5221
0.9728
0.0916
0.8281
0.4417
0.2273
0.5104
0.9611
0.2198
0.5518
0.001
0.3129
0.001
0.9922
0.0509
0.7739
0.0495
0.7644
0.0353
0.7256
0.2254
0.9797
0.2299
0.3101
0.9922
0.6281
0.526
0.8412
0.9679
0.1574
0.3824
0.9499
0.8234
0.3308
0.9274
0.8347
0.7551
0.0225
0.1348
0.7835
0.7329
0.1503
0.451
0.0335
0.2147
0.2263
0.1063
0.6734
0.9615
0.0431
0.0265
0.9908
0.0992
0.0155
0.4622
0.0815
0.0285
0.0765
0.0193
0.8964
0.7036
0.8113
0.5972
0.2544
0.856
0.6454
0.9453
0.5025
0.994
0.2569
0.9709
0.4617
0.5321
0.4597
0.3726
0.4142
0.7462
0.8945
0.0808
0.3589
0.553
0.67
0.5698
0.1597
0.8527
0.2461
0.1699
0.8949
0.9909
0.034
0.6511
0.3838
0.1881
0.9915
0.8135
0.799
0.2953
0.8774
0.2739
0.1486
0.3021
0.9462
0.9968
0.0042
0.3869
0.76
0.1665
0.4943
0.9769
0.6907
0.4067
0.7629
0.1393
0.1154
0.5635
0.9232
0.9131
0.997
0.9763
0.1091
0.5137
0.546
0.9476
0.1772
0.0215
0.3631
0.879
0.001
0.542
0.5423
