0.9337
0.9566
0.9781
0.8225
0.8607
0.0742
0.8527
0.0744
0.8272
0.4454
0.5298
0.5773
0.0751
0.136
0.1446
0.6002
0.9438
0.3553
0.7501
0.5396
0.7296
0.8464
0.2837
0.9577
0.0622
0.0219
0.146
0.0654
0.0495
0.1451
0.3938
0.2557
0.7975
0.9788
0.2222
0.5621
0.1314
0.4674
0.2638
0.8014
0.0195
0.5924
0.7015
0.787
0.0183
0.9387
0.3278
0.5215
0.0871
0.815
0.3212
0.1826
0.1624
0.9691
0.9519
0.4373
0.4717
0.6412
0.6486
0.4665
0.9879
0.1069
0.0485
0.9446
0.1296
0.4869
0.9676
0.9665
0.9369
0.6261
0.2072
0.1923
0.4176
0.9855
0.6585
0.9934
0.0787
0.1131
0.3197
0.9525
0.3898
0.2654
0.1025
0.9703
0.0426
0.0181
0.2178
0.0486
0.0093
0.0489
0.0504
0.8287
0.5294
0.9298
0.9272
0.294
0.6678
0.8223
0.8895
0.1544
0.9567
0.4688
0.157
0.0728
0.0926
0.317
0.472
0.4619
0.5978
0.6888
0.0525
0.4094
0.6353
0.3528
0.3596
0.1107
0.8567
0.1037
0.1217
0.4259
0.913
0.0635
0.3867
0.4315
0.1922
0.9879
0.5582
0.8536
0.0483
0.8597
0.3563
0.1447
0.4963
0.8933
0.9774
0.0203
0.1598
0.9016
0.4361
0.7298
0.176
0.9839
0.1189
0.9095
0.0685
0.2094
0.7672
0.9866
0.5949
0.9964
0.8118
0.0605
0.2918
0.0468
0.7193
0.1357
0.0353
0.5415
0.7679
0.0995
0.082
0.3791
