0.7428
0.7747
0.8027
0.839
0.8588
0.1337
0.2511
0.1243
0.6968
0.4218
0.615
0.2867
0.2011
0.4087
0.1923
0.7886
0.9085
0.3119
0.4906
0.2094
0.7701
0.0377
0.2949
0.6265
0.2561
0.1973
0.3225
0.7026
0.0022
0.1628
0.5224
0.2892
0.4967
0.8068
0.1757
0.8286
0.4458
0.8247
0.2996
0.9475
0.2782
0.5277
0.0082
0.4601
0.1311
0.2858
0.2626
0.3851
0.2248
0.7082
0.0912
0.5278
0.2744
0.8898
0.6061
0.3947
0.5641
0.8343
0.5462
0.496
0.9815
0.2362
0.3458
0.864
0.6343
0.3584
0.6475
0.8236
0.6369
0.0597
0.1216
0.5257
0.8326
0.9852
0.356
0.8012
0.5355
0.4173
0.1172
0.855
0.5702
0.1006
0.1363
0.8446
0.0886
0.0562
0.433
0.2303
0.0941
0.1969
0.202
0.5848
0.5802
0.6987
0.7231
0.3565
0.7963
0.6127
0.8165
0.4691
0.9323
0.8867
0.2866
0.6271
0.0275
0.4806
0.4109
0.4107
0.5278
0.7883
0.2545
0.3627
0.444
0.7276
0.4872
0.4263
0.7605
0.2935
0.4183
0.8452
0.9565
0.0626
0.4558
0.4057
0.2895
0.9712
0.4652
0.64
0.1331
0.7919
0.3294
0.2173
0.3497
0.6602
0.9897
0.1237
0.3404
0.7726
0.4693
0.7308
0.6733
0.744
0.3743
0.6975
0.1633
0.1891
0.9614
0.915
0.7694
0.9805
0.935
0.1605
0.6284
0.7513
0.8862
0.2641
0.2122
0.3795
0.6721
0.099
0.4868
0.532
