0.837
0.4551
0.4449
0.001
0.9919
0.038
0.4979
0.2005
0.971
0.4035
0.5615
0.1061
0.0394
0.1
0.0049
0.2798
0.9963
0.2029
0.3622
0.0882
0.7594
0.1512
0.3864
0.9364
0.1581
0.0901
0.7451
0.9541
0.001
0.3463
0.5552
0.2811
0.4237
0.4292
0.1403
0.757
0.2734
0.998
0.0089
0.992
0.7202
0.7411
0.003
0.999
0.0292
0.1827
0.3536
0.2708
0.1548
0.4823
0.001
0.0047
0.4795
0.98
0.9452
0.3793
0.7799
0.7761
0.5444
0.0074
0.9987
0.1056
0.2145
0.9845
0.3747
0.2142
0.7272
0.789
0.4412
0.0035
0.0992
0.8435
0.4182
0.9862
0.1316
0.0225
0.5506
0.0638
0.3189
0.7627
0.001
0.0269
0.1246
0.9911
0.0488
0.0206
0.1637
0.0178
0.0506
0.2462
0.0892
0.744
0.5246
0.6849
0.3762
0.6401
0.9331
0.7188
0.9734
0.566
0.999
0.999
0.2386
0.3914
0.0011
0.5859
0.0403
0.2736
0.3479
0.1597
0.0244
0.2128
0.4971
0.5755
0.3647
0.3642
0.8264
0.2863
0.1478
0.9104
0.999
0.1502
0.3996
0.3875
0.2612
0.9958
0.7262
0.7236
0.0641
0.8713
0.1516
0.125
0.079
0.9114
0.999
0.0156
0.2952
0.9898
0.1797
0.999
0.9976
0.7287
0.4124
0.9475
0.1832
0.1403
0.9971
0.967
0.9213
0.9964
0.9911
0.0818
0.8954
0.437
0.4589
0.0101
0.0347
0.5796
0.4403
0.1381
0.4283
0.4846
