0.8091
0.778
0.9919
0.001
0.9418
0.084
0.2581
0.0575
0.739
0.7324
0.6591
0.1089
0.0707
0.0957
0.08
0.9918
0.94
0.2059
0.5078
0.4591
0.8494
0.0324
0.237
0.5841
0.2112
0.1204
0.1941
0.7266
0.001
0.1247
0.5343
0.2813
0.5215
0.9712
0.2033
0.9025
0.4155
0.9978
0.4878
0.9567
0.2492
0.5166
0.001
0.4964
0.0251
0.1928
0.3887
0.2412
0.1243
0.4498
0.0205
0.9607
0.4798
0.9723
0.0157
0.3809
0.8024
0.8124
0.5752
0.6853
0.9638
0.1084
0.3554
0.9472
0.5972
0.1696
0.6463
0.7859
0.7253
0.0191
0.1106
0.7568
0.7498
0.1868
0.3062
0.7913
0.1936
0.4107
0.0214
0.6298
0.001
0.0336
0.13
0.9141
0.0508
0.0259
0.4395
0.0561
0.0725
0.1859
0.1092
0.5198
0.6224
0.7747
0.3778
0.2985
0.9112
0.7162
0.8356
0.4403
0.99
0.9422
0.1494
0.5642
0.5071
0.5778
0.2719
0.4075
0.7193
0.1628
0.1457
0.3487
0.4989
0.7102
0.5758
0.1497
0.7628
0.2386
0.3626
0.8731
0.9849
0.0278
0.3603
0.4043
0.1762
0.9945
0.4632
0.5697
0.2783
0.8683
0.2509
0.1676
0.1681
0.2807
0.9964
0.1664
0.3057
0.9892
0.4155
0.999
0.999
0.7653
0.3562
0.7363
0.0581
0.1518
0.5402
0.939
0.919
0.9958
0.9757
0.1032
0.9432
0.1936
0.9412
0.2283
0.119
0.3577
0.8454
0.1884
0.2507
0.5189
