0.816
0.7474
0.9403
0.8261
0.7015
0.1826
0.5745
0.3178
0.5818
0.4689
0.7037
0.184
0.424
0.6913
0.3517
0.7984
0.8568
0.3335
0.464
0.4116
0.815
0.0024
0.3445
0.8004
0.3114
0.2309
0.1995
0.5064
0.0071
0.1593
0.6156
0.1086
0.5272
0.8673
0.3567
0.5012
0.4712
0.2869
0.5753
0.8675
0.258
0.5256
0.0016
0.4476
0.0237
0.779
0.277
0.6658
0.3383
0.4525
0.2974
0.6952
0.2521
0.8741
0.4554
0.3547
0.9083
0.5451
0.4585
0.6184
0.8176
0.2306
0.4819
0.7368
0.6297
0.4103
0.6312
0.7984
0.3024
0.0967
0.314
0.5616
0.6501
0.085
0.4623
0.4833
0.5549
0.356
0.034
0.6885
0.8568
0.2603
0.2379
0.7704
0.158
0.1088
0.5457
0.1196
0.1707
0.2867
0.2631
0.5603
0.5247
0.6399
0.5452
0.3094
0.7175
0.7067
0.6995
0.4631
0.9136
0.7367
0.7462
0.5
0.1458
0.5252
0.4873
0.48
0.5809
0.8255
0.246
0.4636
0.4674
0.5204
0.4937
0.5292
0.6194
0.3315
0.3424
0.7025
0.7939
0.1093
0.4311
0.4102
0.4876
0.9158
0.5528
0.6059
0.3465
0.8002
0.4201
0.2732
0.4424
0.8434
0.8832
0.1892
0.3186
0.6043
0.3239
0.7702
0.9345
0.6097
0.2736
0.6691
0.1532
0.3294
0.8683
0.6931
0.7826
0.936
0.9438
0.1864
0.6833
0.2591
0.8903
0.3214
0.18
0.4445
0.6446
0.0435
0.4406
0.5456
