0.9768
0.8199
0.8006
0.9685
0.5754
0.0022
0.8465
0.5089
0.9725
0.9087
0.9307
0.8291
0.5007
0.0163
0.0611
0.4839
0.9981
0.673
0.928
0.5726
0.9633
0.8663
0.2027
0.7255
0.0035
0.0197
0.4442
0.2117
0.2016
0.036
0.1114
0.3694
0.987
0.9955
0.287
0.1747
0.1736
0.7722
0.5008
0.5036
0.322
0.5343
0.7639
0.5346
0.0165
0.9735
0.3103
0.5443
0.1089
0.9803
0.0047
0.2194
0.3253
0.9404
0.8442
0.1646
0.8657
0.7396
0.9075
0.7818
0.9983
0.1254
0.2076
0.9936
0.3483
0.4247
0.9947
0.9613
0.9897
0.0579
0.1914
0.2485
0.1084
0.9629
0.8463
0.4587
0.0449
0.0172
0.7184
0.8919
0.4239
0.2757
0.048
0.8893
0.0114
0.0015
0.0939
0.2354
0.0135
0.0723
0.0321
0.3431
0.9019
0.8389
0.9634
0.1066
0.9746
0.8035
0.9474
0.0448
0.999
0.1011
0.2016
0.3471
0.1007
0.9609
0.0892
0.8261
0.4297
0.8296
0.0028
0.2418
0.5708
0.7987
0.427
0.0216
0.8455
0.0411
0.0103
0.8003
0.9989
0.5907
0.1021
0.913
0.1046
0.9953
0.2582
0.9411
0.1617
0.9455
0.3036
0.0409
0.0711
0.2455
0.9761
0.0012
0.0223
0.9332
0.1558
0.8174
0.1505
0.9421
0.3612
0.9859
0.0152
0.4596
0.8675
0.8873
0.5346
0.9898
0.8348
0.0134
0.5672
0.1325
0.9819
0.167
0.0019
0.3688
0.9934
0.2224
0.0458
0.6257
