0.9354
0.9903
0.9877
0.9445
0.8664
0.0101
0.0821
0.001
0.9984
0.999
0.8768
0.2849
0.0038
0.0118
0.001
0.999
0.999
0.0248
0.0527
0.8849
0.999
0.999
0.7091
0.999
0.0013
0.001
0.1509
0.8197
0.0011
0.001
0.001
0.0029
0.999
0.999
0.0189
0.999
0.2429
0.0085
0.3801
0.9974
0.001
0.1458
0.7919
0.999
0.044
0.0183
0.9831
0.4152
0.001
0.879
0.999
0.999
0.8198
0.999
0.999
0.0278
0.8771
0.6329
0.3215
0.001
0.9861
0.0015
0.5146
0.999
0.2053
0.0502
0.9898
0.7767
0.6066
0.0012
0.001
0.9142
0.6608
0.999
0.0202
0.9967
0.1168
0.0017
0.9092
0.3764
0.9833
0.0046
0.0013
0.7856
0.0131
0.001
0.999
0.8711
0.001
0.001
0.0082
0.1166
0.3152
0.9828
0.226
0.8558
0.9956
0.8633
0.9553
0.0866
0.999
0.999
0.032
0.7988
0.4504
0.3588
0.001
0.0286
0.022
0.9204
0.0019
0.1013
0.0022
0.7435
0.011
0.004
0.999
0.0248
0.3759
0.9162
0.999
0.0244
0.028
0.0055
0.0077
0.999
0.8605
0.999
0.011
0.9983
0.127
0.001
0.9833
0.0721
0.999
0.0028
0.001
0.9672
0.1042
0.3879
0.1213
0.999
0.3725
0.8802
0.001
0.0135
0.6769
0.4519
0.9722
0.999
0.999
0.001
0.3839
0.0022
0.9919
0.006
0.0019
0.162
0.041
0.0196
0.0088
0.6381
