0.7871
0.8094
0.81
0.8559
0.8338
0.1504
0.5189
0.2868
0.71
0.5118
0.6454
0.3099
0.2133
0.4485
0.2652
0.8
0.9076
0.3404
0.5562
0.2291
0.7673
0.0019
0.3169
0.9525
0.2721
0.2169
0.3338
0.5853
0.0013
0.1779
0.5446
0.2078
0.5167
0.7837
0.1617
0.8574
0.4865
0.8239
0.3284
0.959
0.2575
0.5402
0.0019
0.4453
0.1229
0.5529
0.2664
0.4037
0.2597
0.4625
0.0074
0.4962
0.3085
0.9436
0.6475
0.4174
0.579
0.7424
0.5556
0.4778
0.9685
0.2591
0.3474
0.8461
0.6604
0.35
0.6949
0.8405
0.7065
0.0471
0.1911
0.5298
0.8382
0.9836
0.3689
0.0428
0.5494
0.3503
0.4064
0.8483
0.6037
0.0914
0.1964
0.9239
0.0954
0.1012
0.451
0.1917
0.1769
0.164
0.0935
0.6467
0.5469
0.6523
0.7451
0.3064
0.8249
0.6453
0.8893
0.4869
0.9476
0.7898
0.4635
0.6151
0.0477
0.5505
0.3201
0.4447
0.5535
0.817
0.199
0.4268
0.4512
0.6175
0.4989
0.4498
0.6685
0.3154
0.3473
0.7808
0.971
0.0472
0.4763
0.4294
0.3066
0.9591
0.5969
0.6117
0.1121
0.8109
0.3645
0.2521
0.4036
0.7602
0.9805
0.0593
0.4025
0.7967
0.5003
0.7628
0.6977
0.8159
0.5243
0.703
0.1998
0.2628
0.9304
0.9386
0.8321
0.9675
0.9317
0.1785
0.7428
0.7986
0.8833
0.1803
0.1836
0.3992
0.4924
0.0895
0.5075
0.531
