0.69
0.704
0.588
0.746
0.78
0.116
0.588
0.524
0.756
0.68
0.592
0.404
0.47
0.348
0.118
0.412
0.83
0.142
0.582
0.472
0.652
0.56
0.41
0.644
0.244
0.18
0.484
0.372
0.352
0.422
0.404
0.48
0.682
0.782
0.31
0.572
0.386
0.366
0.488
0.674
0.33
0.524
0.54
0.678
0.34
0.646
0.354
0.616
0.452
0.744
0.214
0.426
0.342
0.734
0.832
0.328
0.404
0.4
0.616
0.44
0.88
0.124
0.342
0.774
0.408
0.486
0.776
0.886
0.774
0.284
0.426
0.64
0.384
0.574
0.506
0.628
0.304
0.22
0.572
0.584
0.46
0.21
0.148
0.768
0.11
0.112
0.586
0.418
0.264
0.524
0.228
0.732
0.656
0.686
0.692
0.5
0.768
0.802
0.742
0.296
0.87
0.522
0.364
0.272
0.276
0.664
0.33
0.476
0.528
0.648
0.118
0.512
0.764
0.434
0.738
0.216
0.774
0.2
0.256
0.72
0.91
0.318
0.346
0.512
0.244
0.726
0.618
0.736
0.04
0.842
0.32
0.162
0.428
0.488
0.854
0.116
0.338
0.76
0.482
0.618
0.464
0.79
0.552
0.66
0.208
0.304
0.828
0.738
0.646
0.898
0.676
0.27
0.532
0.422
0.632
0.494
0.232
0.578
0.69
0.31
0.25
0.56
