0.6346
0.628
0.7874
0.7509
0.4817
0.2376
0.4108
0.5493
0.682
0.654
0.6708
0.2834
0.4766
0.1733
0.4281
0.6058
0.9452
0.3255
0.5159
0.4263
0.6006
0.0015
0.2438
0.6088
0.3662
0.4004
0.1321
0.7138
0.0187
0.1885
0.5992
0.3127
0.1962
0.832
0.3394
0.9683
0.3565
0.9326
0.3255
0.7885
0.3583
0.6313
0.0219
0.4011
0.137
0.4335
0.3223
0.559
0.3688
0.8627
0.1255
0.2613
0.251
0.9853
0.2897
0.6188
0.4672
0.8027
0.4817
0.8622
0.881
0.484
0.3844
0.6672
0.4965
0.4249
0.7747
0.9401
0.2272
0.1923
0.3027
0.6624
0.6594
0.4982
0.6859
0.6514
0.6918
0.3533
0.7117
0.6929
0.204
0.245
0.2615
0.9089
0.082
0.1037
0.2243
0.2048
0.1372
0.2782
0.2769
0.6932
0.3966
0.5711
0.791
0.4677
0.7457
0.7147
0.9752
0.4355
0.9094
0.7341
0.36
0.5689
0.1657
0.5332
0.0727
0.3766
0.3038
0.8109
0.4674
0.4754
0.5037
0.4753
0.3832
0.5017
0.7015
0.5042
0.4627
0.7858
0.8812
0.4131
0.7498
0.6013
0.3367
0.7963
0.6261
0.7638
0.4754
0.8992
0.1465
0.2905
0.5349
0.7628
0.9212
0.0192
0.3996
0.8493
0.5359
0.9465
0.4915
0.8221
0.4795
0.7614
0.2661
0.2646
0.8715
0.6406
0.872
0.8364
0.7109
0.0869
0.1524
0.42
0.1819
0.332
0.195
0.5688
0.5906
0.3353
0.5523
0.2232
