0.1725
0.9856
0.971
0.9911
0.439
0.001
0.7108
0.6477
0.9634
0.8752
0.9853
0.7628
0.0396
0.0016
0.0585
0.947
0.9661
0.2153
0.7477
0.0233
0.9758
0.03
0.0569
0.933
0.001
0.1263
0.0715
0.0058
0.078
0.0361
0.0538
0.0078
0.9968
0.8809
0.3397
0.995
0.0393
0.7808
0.2736
0.9691
0.065
0.046
0.7392
0.224
0.0337
0.999
0.2559
0.4591
0.0037
0.989
0.1155
0.2197
0.0346
0.9958
0.8451
0.2031
0.0271
0.9921
0.9778
0.4697
0.9956
0.0895
0.0348
0.9902
0.0056
0.7651
0.999
0.9865
0.598
0.0201
0.0199
0.7816
0.5107
0.5972
0.7107
0.9452
0.2118
0.0215
0.7986
0.6604
0.5601
0.118
0.0043
0.9905
0.0692
0.0012
0.5982
0.0849
0.0067
0.0036
0.032
0.841
0.0838
0.6264
0.7356
0.1415
0.96
0.5773
0.9962
0.1009
0.9957
0.2794
0.0436
0.1281
0.0655
0.473
0.545
0.6763
0.0338
0.5773
0.3355
0.2078
0.6635
0.1524
0.7447
0.0463
0.9601
0.0093
0.1571
0.7197
0.9988
0.3018
0.1122
0.8204
0.0628
0.9741
0.789
0.909
0.0138
0.9379
0.0425
0.0047
0.4101
0.8315
0.9476
0.0015
0.0125
0.8481
0.4826
0.9848
0.0695
0.8265
0.939
0.8704
0.0155
0.0203
0.9362
0.9985
0.7199
0.9781
0.9812
0.0051
0.7478
0.124
0.7643
0.0346
0.0042
0.4148
0.8564
0.3085
0.3882
0.1513
