0.598
0.754
0.706
0.742
0.69
0.24
0.466
0.432
0.872
0.712
0.424
0.576
0.352
0.27
0.1
0.61
0.782
0.408
0.686
0.182
0.602
0.438
0.616
0.566
0.168
0.248
0.25
0.334
0.432
0.318
0.42
0.26
0.578
0.86
0.35
0.68
0.286
0.636
0.59
0.722
0.434
0.44
0.696
0.628
0.47
0.722
0.324
0.554
0.34
0.818
0.334
0.372
0.282
0.786
0.718
0.468
0.406
0.692
0.89
0.654
0.878
0.39
0.388
0.726
0.312
0.522
0.914
0.868
0.858
0.238
0.226
0.404
0.41
0.794
0.518
0.67
0.322
0.336
0.478
0.76
0.402
0.338
0.254
0.806
0.23
0.144
0.328
0.14
0.264
0.324
0.302
0.67
0.388
0.656
0.692
0.494
0.66
0.606
0.802
0.17
0.83
0.506
0.26
0.376
0.264
0.54
0.364
0.52
0.368
0.568
0.33
0.488
0.676
0.512
0.55
0.318
0.756
0.484
0.392
0.666
0.93
0.45
0.328
0.636
0.17
0.754
0.672
0.734
0.174
0.876
0.22
0.162
0.49
0.8
0.786
0.082
0.306
0.774
0.446
0.74
0.468
0.858
0.564
0.64
0.302
0.198
0.876
0.744
0.478
0.83
0.648
0.134
0.532
0.396
0.496
0.286
0.2
0.522
0.732
0.44
0.302
0.508
