0.9475
0.1233
0.1162
0.4246
0.7989
0.0087
0.2278
0.5093
0.822
0.5652
0.8042
0.2929
0.3704
0.0039
0.1787
0.1271
0.999
0.2732
0.2881
0.194
0.0152
0.001
0.999
0.8723
0.0057
0.1972
0.1738
0.5703
0.001
0.001
0.0574
0.0881
0.999
0.9938
0.0873
0.6405
0.335
0.8956
0.6353
0.8741
0.0823
0.0133
0.001
0.2957
0.0017
0.5531
0.2243
0.6433
0.2584
0.9243
0.2712
0.4665
0.3565
0.999
0.423
0.7631
0.9692
0.9734
0.5752
0.2113
0.9903
0.424
0.4321
0.944
0.054
0.0578
0.9849
0.9484
0.5714
0.999
0.0188
0.4439
0.9305
0.999
0.3139
0.9948
0.4088
0.3883
0.001
0.8555
0.477
0.0245
0.0505
0.8597
0.0196
0.0146
0.0096
0.0325
0.0402
0.0089
0.0039
0.3904
0.2932
0.6535
0.6468
0.001
0.9332
0.7568
0.9877
0.3287
0.999
0.9988
0.2841
0.4464
0.2049
0.5032
0.5446
0.34
0.0935
0.8956
0.2577
0.2706
0.104
0.6177
0.1447
0.2946
0.9671
0.0189
0.1295
0.9305
0.9035
0.001
0.5471
0.6086
0.3785
0.9774
0.7666
0.5653
0.0187
0.9396
0.2101
0.1266
0.4818
0.5423
0.9988
0.003
0.0368
0.8348
0.9843
0.9679
0.9872
0.8337
0.8286
0.1637
0.3294
0.1021
0.9103
0.5877
0.9712
0.981
0.8642
0.0089
0.0925
0.166
0.3932
0.001
0.0035
0.012
0.3713
0.0066
0.3606
0.391
