0.7104
0.5461
0.8181
0.4694
0.7089
0.1563
0.1607
0.5729
0.8107
0.5234
0.5495
0.2562
0.1744
0.2375
0.3041
0.8026
0.9877
0.328
0.3928
0.2887
0.7092
0
0.1161
0.5439
0.1551
0.2711
0.1779
0.7002
0.0106
0.2087
0.6541
0.3768
0.6765
0.8951
0.2092
0.9403
0.4842
0.9276
0.6518
0.9255
0.2849
0.5018
0.0004
0.3611
0.1205
0.3457
0.317
0.4082
0.331
0.9343
0.3062
0.6162
0.3453
0.9823
0.2384
0.7785
0.609
0.8557
0.6889
0.3126
0.9404
0.4998
0.3786
0.8492
0.4851
0.3093
0.8426
0.9759
0.1528
0.0455
0.0255
0.4077
0.8501
0.9528
0.3762
0.3521
0.3325
0.1231
0.0051
0.7996
0.3552
0.1465
0.2147
0.9422
0.0244
0.0244
0.1168
0.1789
0.0586
0.0584
0.0194
0.6681
0.349
0.6534
0.8255
0.103
0.7599
0.7771
0.9715
0.4383
0.9501
0.6109
0.3576
0.6384
0.4865
0.5783
0.463
0.4297
0.3506
0.9122
0.3018
0.3971
0.3868
0.6413
0.4231
0.3451
0.7345
0.4035
0.2763
0.9
0.8826
0.113
0.6289
0.6483
0.3526
0.9257
0.6677
0.5756
0.2951
0.9601
0.4519
0.1696
0.5481
0.8544
0.973
0.0189
0.2126
0.9098
0.7682
0.9761
0.9807
0.8345
0.5902
0.7961
0.2217
0.1403
0.7741
0.8935
0.9086
0.9614
0.8589
0.0323
0.0596
0.3242
0.6341
0.078
0.1036
0.3952
0.3406
0.2414
0.5269
0.5611
