0.6288
0.4597
0.7605
0.6663
0.7604
0.1969
0.3383
0.3346
0.8459
0.475
0.549
0.3287
0.2862
0.3091
0.1598
0.6515
0.9537
0.2655
0.357
0.1831
0.5692
0.0108
0.5268
0.8731
0.3287
0.2677
0.1122
0.5732
0.0297
0.1091
0.5993
0.316
0.2573
0.9403
0.2437
0.8709
0.5104
0.7969
0.7237
0.9241
0.2749
0.5964
0.05
0.3065
0.1484
0.356
0.3245
0.4208
0.3856
0.7515
0.2574
0.3683
0.2085
0.9133
0.8552
0.4981
0.5359
0.7699
0.5586
0.3977
0.9617
0.2534
0.3411
0.8687
0.522
0.3533
0.6937
0.8791
0.8681
0.0359
0.1263
0.3314
0.9029
0.9447
0.4017
0.0799
0.3167
0.3174
0.7135
0.7772
0.8193
0.174
0.2169
0.9053
0.0463
0.1239
0.3108
0.1946
0.159
0.1242
0.2382
0.5584
0.456
0.5702
0.616
0.3766
0.7297
0.6702
0.8928
0.4429
0.8723
0.8243
0.3752
0.7234
0.456
0.5247
0.4593
0.3808
0.4177
0.8894
0.431
0.3857
0.4297
0.6195
0.4828
0.3067
0.7327
0.4167
0.4598
0.8016
0.9411
0.0596
0.4982
0.518
0.4344
0.8888
0.5767
0.6158
0.2495
0.8553
0.433
0.2683
0.5046
0.5071
0.9746
0.1216
0.3337
0.7247
0.7114
0.8867
0.8951
0.7141
0.5549
0.6907
0.2493
0.2207
0.8308
0.7711
0.7865
0.9087
0.838
0.1855
0.4163
0.3747
0.7956
0.2411
0.2371
0.4496
0.4437
0.32
0.4776
0.5872
