0.8517
0.6147
0.6115
0.9816
0.782
0.1207
0.8698
0.1522
0.8498
0.2623
0.6927
0.6639
0.0873
0.0841
0.1414
0.6557
0.6667
0.0315
0.4692
0.13
0.65
0.0082
0.7743
0.8698
0.6751
0.1826
0.1225
0.1602
0.0797
0.0237
0.6241
0.1602
0.184
0.8583
0.1124
0.7795
0.4115
0.9583
0.6864
0.7862
0.2522
0.6635
0.0108
0.6377
0.1237
0.8698
0.325
0.6145
0.156
0.7943
0.5684
0.5563
0.0405
0.976
0.8986
0.1495
0.7808
0.8698
0.5789
0.4431
0.8832
0.0856
0.2472
0.702
0.9334
0.671
0.8698
0.9603
0.9355
0.0403
0.1602
0.4058
0.7824
0.9894
0.6561
0.8698
0.3785
0.2575
0.7716
0.8805
0.9833
0.0899
0.1602
0.878
0.1327
0.1649
0.0701
0.0778
0.1505
0.1602
0.1257
0.7323
0.5024
0.5098
0.9105
0.5442
0.8443
0.895
0.9121
0.4049
0.8633
0.9076
0.1602
0.7505
0.203
0.4896
0.6408
0.3102
0.4652
0.9832
0.4596
0.2596
0.555
0.8698
0.6853
0.252
0.8698
0.3663
0.5189
0.8791
0.9228
0.0842
0.1603
0.4635
0.4631
0.8831
0.862
0.7412
0.1041
0.9521
0.5806
0.1862
0.6635
0.2017
0.8846
0.0911
0.175
0.9117
0.8698
0.9474
0.8574
0.651
0.5218
0.887
0.1361
0.19
0.8785
0.8511
0.8849
0.8829
0.939
0.0835
0.8829
0.5853
0.8256
0.6891
0.1766
0.4219
0.4587
0.1932
0.1096
0.6286
