0.9774
0.765
0.001
0.001
0.1
0.003
0.0349
0.0082
0.7356
0.1381
0.0603
0.101
0.0041
0.0343
0.0042
0.3954
0.999
0.001
0.6576
0.1386
0.0046
0.9069
0.4259
0.001
0.001
0.0112
0.001
0.0173
0.2621
0.001
0.598
0.001
0.999
0.001
0.0614
0.999
0.6253
0.9818
0.0231
0.9606
0.0037
0.0506
0.9976
0.5183
0.6165
0.4644
0.9937
0.3818
0.1431
0.999
0.0012
0.001
0.0957
0.9958
0.957
0.0042
0.3274
0.8597
0.6999
0.0031
0.999
0.0024
0.3323
0.9966
0.001
0.2054
0.999
0.999
0.9884
0.1838
0.001
0.3902
0.1537
0.9825
0.7657
0.001
0.0642
0.929
0.1095
0.9046
0.2335
0.201
0.0485
0.7677
0.0212
0.001
0.0011
0.1937
0.0085
0.001
0.0419
0.3785
0.3265
0.9957
0.9194
0.3546
0.6213
0.8404
0.9292
0.1851
0.9084
0.2997
0.069
0.0113
0.1933
0.9955
0.0016
0.3426
0.0273
0.9498
0.4858
0.7329
0.554
0.6248
0.4948
0.0779
0.999
0.0497
0.545
0.9502
0.999
0.0022
0.4531
0.1387
0.2514
0.988
0.2859
0.9899
0.2002
0.9874
0.7633
0.0078
0.8831
0.5215
0.993
0.0832
0.1884
0.999
0.74
0.8386
0.1323
0.9971
0.4479
0.9729
0.2365
0.2549
0.9595
0.999
0.9064
0.999
0.9901
0.001
0.999
0.0399
0.3327
0.1411
0.2828
0.3943
0.4381
0.115
0.1894
0.6918
