0.6036
0.5254
0.8784
0.8892
0.807
0.1514
0.1714
0.5462
0.9163
0.5834
0.6878
0.2744
0.2267
0.0532
0.0957
0.8938
0.9747
0.2392
0.3142
0.1607
0.5814
0.0012
0.5088
0.8546
0.3104
0.1076
0.0884
0.5895
0.001
0.0608
0.6384
0.0909
0.2333
0.9685
0.0663
0.8103
0.5343
0.9487
0.777
0.9769
0.1683
0.6065
0.0028
0.3441
0.0139
0.5118
0.1578
0.3422
0.2251
0.9386
0.1912
0.7265
0.1143
0.9819
0.0587
0.5224
0.5454
0.9605
0.6052
0.2741
0.9807
0.1561
0.3216
0.9178
0.0295
0.3537
0.9553
0.9355
0.97
0.0066
0.0176
0.2885
0.8865
0.9962
0.295
0.3693
0.2852
0.0786
0.0061
0.8247
0.7869
0.024
0.0707
0.9727
0.0062
0.0036
0.2515
0.0878
0.0188
0.0364
0.0384
0.6749
0.3215
0.7024
0.6512
0.1923
0.8973
0.7101
0.9749
0.3845
0.9988
0.1641
0.2958
0.5408
0.4598
0.5606
0.483
0.3558
0.2627
0.9492
0.1452
0.3426
0.3609
0.663
0.3995
0.2676
0.9415
0.4044
0.4683
0.9456
0.9559
0.033
0.5588
0.6442
0.4316
0.9924
0.7833
0.6175
0.2247
0.9011
0.4111
0.1097
0.4389
0.5901
0.9883
0.0392
0.713
0.7605
0.9925
0.9801
0.9675
0.7024
0.5068
0.7414
0.1653
0.0464
0.8407
0.9866
0.9
0.9904
0.897
0.1477
0.5174
0.2135
0.8572
0.1002
0.033
0.4401
0.5069
0.1395
0.5165
0.6045
