0.7079
0.4706
0.817
0.7268
0.8371
0.1485
0.3596
0.7065
0.9093
0.5052
0.6409
0.3056
0.0981
0.0687
0.0795
0.6847
0.9849
0.199
0.3285
0.1475
0.6135
0.001
0.5542
0.8764
0.3109
0.1983
0.0709
0.7633
0.0011
0.0698
0.6193
0.1966
0.2256
0.968
0.1319
0.9119
0.5314
0.9885
0.791
0.9481
0.258
0.637
0.001
0.2243
0.0594
0.5763
0.1748
0.277
0.1414
0.9846
0.2354
0.3618
0.1197
0.9931
0.8909
0.6537
0.6422
0.9494
0.6794
0.5172
0.98
0.2503
0.3233
0.9043
0.3818
0.3385
0.9653
0.9827
0.9956
0.0254
0.0121
0.2867
0.9303
0.9639
0.4777
0.3945
0.2999
0.1965
0.001
0.8225
0.8909
0.0942
0.0839
0.9927
0.0047
0.0024
0.2575
0.0631
0.0098
0.0108
0.0217
0.7508
0.3064
0.7037
0.8132
0.0255
0.8482
0.8351
0.9949
0.4103
0.999
0.6695
0.3397
0.7573
0.4428
0.7363
0.4194
0.3529
0.4301
0.9848
0.0762
0.3745
0.4456
0.7876
0.5071
0.3037
0.8774
0.4082
0.2271
0.9669
0.9873
0.0413
0.7144
0.7683
0.4793
0.9912
0.8073
0.7327
0.2344
0.9574
0.4433
0.097
0.5491
0.6749
0.9864
0.0089
0.7347
0.8872
0.9116
0.9916
0.9916
0.8279
0.2012
0.7461
0.1388
0.0419
0.8951
0.873
0.9178
0.9895
0.8947
0.1579
0.2135
0.2757
0.8481
0.0592
0.006
0.4538
0.5171
0.1773
0.6349
0.629
