0.8243
0.8318
0.7274
0.8017
0.8315
0.1082
0.7331
0.2196
0.8805
0.4021
0.3493
0.8295
0.1494
0.0846
0.1121
0.5761
0.9005
0.2847
0.6498
0.0365
0.7312
0.0756
0.6515
0.9368
0.1461
0.0511
0.3493
0.0183
0.3445
0.0466
0.332
0.013
0.3052
0.7577
0.1039
0.783
0.0307
0.98
0.194
0.7102
0.1465
0.4145
0.8741
0.5675
0.5479
0.9831
0.1464
0.4329
0.0486
0.977
0.4907
0.4856
0.0476
0.9878
0.7388
0.7059
0.1788
0.934
0.8612
0.532
0.9879
0.1023
0.0517
0.9954
0.0644
0.8466
0.9943
0.9824
0.8738
0.0859
0.0235
0.7549
0.1923
0.9497
0.5656
0.9982
0.2555
0.0975
0.6553
0.4968
0.3378
0.1478
0.0427
0.9857
0.0015
0.0289
0.022
0.0325
0.1772
0.0218
0.0295
0.8424
0.2103
0.696
0.9607
0.3639
0.7649
0.5855
0.9801
0.2168
0.9793
0.2817
0.0873
0.1498
0.1504
0.7409
0.2848
0.3514
0.238
0.6512
0.2572
0.7471
0.5089
0.1333
0.5683
0.0623
0.9674
0.1514
0.1904
0.582
0.9592
0.3064
0.3311
0.7145
0.0624
0.9307
0.6917
0.7596
0.2049
0.9518
0.0853
0.0604
0.4389
0.6497
0.9738
0.0379
0.0354
0.9634
0.4508
0.9891
0.3522
0.7955
0.687
0.9277
0.0694
0.172
0.9732
0.9487
0.7208
0.9115
0.891
0.0111
0.3975
0.2251
0.3441
0.0716
0.0254
0.6576
0.5311
0.0813
0.2205
0.2603
