0.8788
0.8242
0.6012
0.9682
0.7842
0.1024
0.4843
0.0097
0.8849
0.2802
0.9119
0.5771
0.2553
0.4583
0.3322
0.6233
0.9992
0.2845
0.4488
0.0942
0.8054
0.0003
0.5629
0.523
0.3159
0.0921
0.0039
0.4221
0.011
0.0692
0.5207
0.1281
0.9368
0.9158
0.0151
0.9883
0.363
0.9791
0.3884
0.8601
0.307
0.4658
0.0059
0.3995
0.1235
0.2019
0.0133
0.4005
0.799
0.9925
0.7897
0.5984
0.1086
0.9965
0.7091
0.278
0.4206
0.9032
0.2897
0.6616
0.9834
0.1842
0.31
0.7828
0.7329
0.5318
0.9018
0.9562
0.0667
0.3273
0.0173
0.8603
0.828
0.8402
0.209
0.6901
0.6369
0.4566
0.7775
0.8673
0.1437
0.0949
0.1453
0.9759
0.0401
0.0002
0.1105
0.0511
0.0028
0.0081
0.0851
0.801
0.8316
0.6255
0.6659
0.3019
0.3866
0.5733
0.9929
0.5391
0.9103
0.8837
0.2116
0.7491
0.053
0.7313
0.081
0.4318
0.3047
0.911
0.2684
0.5014
0.3393
0.872
0.3142
0.4855
0.9816
0.3982
0.36
0.9405
0.9434
0.198
0.9666
0.4084
0.1063
0.6746
0.7624
0.7836
0.3181
0.7953
0.2096
0.5102
0.3865
0.9958
0.9794
0.0041
0.471
0.5141
0.8545
0.2406
0.0184
0.9608
0.539
0.8071
0.2692
0.013
0.9935
0.9818
0.9835
0.9815
0.8458
0.34
0.9615
0.2557
0.9829
0.1876
0.1944
0.289
0.6045
0.0369
0.1346
0.2416
