0.3401
0.6538
0.5046
0.8072
0.8025
0.1378
0.2551
0.1296
0.8273
0.6709
0.866
0.0792
0.3159
0.4376
0.239
0.7069
0.8127
0.3492
0.2449
0.4783
0.6835
0.8176
0.7878
0.153
0.1813
0.1711
0.2775
0.1391
0.2258
0.1136
0.7992
0.1159
0.8127
0.8826
0.2281
0.8248
0.5532
0.3778
0.7697
0.8617
0.3985
0.4978
0.7064
0.3947
0.226
0.1923
0.2282
0.2458
0.3074
0.3563
0.2614
0.6445
0.097
0.8248
0.6672
0.2907
0.3072
0.8782
0.8248
0.104
0.8759
0.2153
0.3611
0.8815
0.2649
0.1569
0.8931
0.8811
0.1569
0.0979
0.0925
0.2851
0.8709
0.8753
0.1336
0.7321
0.3483
0.1511
0.8147
0.2914
0.9424
0.2279
0.1478
0.8248
0.0214
0.1032
0.2381
0.1569
0.1656
0.092
0.0871
0.8248
0.7592
0.7823
0.7939
0.4442
0.4715
0.5502
0.8248
0.8187
0.8184
0.8179
0.2385
0.792
0.471
0.6863
0.2213
0.4068
0.125
0.7768
0.3483
0.335
0.2598
0.7709
0.1235
0.4763
0.9227
0.69
0.49
0.8265
0.8302
0.6543
0.1577
0.4226
0.377
0.84
0.5529
0.698
0.121
0.8654
0.3001
0.2826
0.3941
0.1569
0.8717
0.1569
0.2786
0.6507
0.9227
0.5124
0.2308
0.8248
0.7501
0.7987
0.2323
0.1803
0.8882
0.9013
0.8248
0.8395
0.8078
0.387
0.7785
0.2298
0.8122
0.0993
0.1194
0.5098
0.3139
0.2358
0.1569
0.3858
