0.9543
0.9431
0.001
0.8273
0.8067
0.0581
0.1565
0.0076
0.9421
0.0063
0.1628
0.0728
0.1114
0.0111
0.0536
0.999
0.001
0.0937
0.1268
0.1081
0.7844
0.018
0.4868
0.001
0.001
0.0166
0.1914
0.071
0.918
0.001
0.1925
0.0023
0.9845
0.9553
0.0286
0.9948
0.1112
0.1066
0.236
0.2962
0.1367
0.2516
0.628
0.3832
0.6142
0.1092
0.0148
0.782
0.4019
0.0403
0.0089
0.999
0.3806
0.994
0.001
0.104
0.9189
0.8369
0.5729
0.0113
0.9784
0.0742
0.0642
0.9983
0.0651
0.3227
0.999
0.8884
0.0119
0.4626
0.001
0.1952
0.4649
0.9982
0.0129
0.9688
0.3633
0.034
0.684
0.3643
0.9397
0.3142
0.0521
0.9043
0.0468
0.1198
0.6791
0.0977
0.009
0.036
0.0468
0.5922
0.1691
0.999
0.7686
0.1812
0.2542
0.5519
0.999
0.2345
0.9965
0.997
0.075
0.2207
0.4772
0.999
0.0121
0.2957
0.001
0.7216
0.0368
0.2622
0.6095
0.6513
0.3744
0.2203
0.999
0.3276
0.2038
0.6099
0.9202
0.0011
0.193
0.9697
0.0335
0.999
0.4735
0.8902
0.0598
0.9634
0.0339
0.9438
0.3703
0.9406
0.9939
0.0899
0.2048
0.7789
0.8699
0.7614
0.1909
0.973
0.7718
0.7324
0.0421
0.0091
0.999
0.999
0.8552
0.999
0.7092
0.2291
0.9909
0.009
0.3421
0.0214
0.0052
0.0712
0.1259
0.0329
0.0846
0.0908
