0.5752
0.583
0.6457
0.9204
0.7578
0.1884
0.2927
0.0816
0.8461
0.3271
0.6099
0.3932
0.2511
0.2746
0.3313
0.3923
0.9797
0.2948
0.4358
0.1774
0.8173
0.0312
0.5344
0.6131
0.3
0.2879
0.2261
0.5517
0.0669
0.1668
0.5683
0.2853
0.9235
0.7856
0.2337
0.8408
0.5381
0.9056
0.3774
0.898
0.2356
0.4631
0.047
0.4148
0.1468
0.228
0.237
0.4758
0.456
0.8394
0.7002
0.1522
0.1017
0.9012
0.8804
0.2868
0.77
0.7852
0.5177
0.6052
0.9407
0.2148
0.3638
0.642
0.644
0.3871
0.8368
0.906
0.5315
0.0486
0.028
0.6358
0.852
0.9952
0.2349
0.6304
0.5801
0.4397
0.7059
0.9534
0.9032
0.1872
0.203
0.8413
0.0665
0.0479
0.2477
0.2637
0.1062
0.0269
0.1594
0.6365
0.6874
0.6371
0.6702
0.3696
0.6539
0.4624
0.8441
0.5244
0.8666
0.8311
0.3441
0.6069
0.0373
0.5034
0.1435
0.4126
0.5164
0.7754
0.338
0.4782
0.4519
0.7424
0.345
0.4718
0.8023
0.4357
0.4018
0.8532
0.9121
0.1424
0.5622
0.4291
0.143
0.9613
0.627
0.7193
0.1372
0.7633
0.2416
0.3028
0.4049
0.8159
0.9515
0.1172
0.4165
0.5396
0.802
0.2673
0.2885
0.737
0.5339
0.7192
0.3086
0.1498
0.9114
0.8637
0.8262
0.9466
0.7473
0.1946
0.4737
0.2726
0.9587
0.2446
0.2406
0.4177
0.5767
0.2124
0.3683
0.5396
