0.8808
0.8777
0.1141
0.9769
0.7029
0.2212
0.4124
0.0038
0.7181
0.0528
0.8953
0.9333
0.2095
0.2565
0.1841
0.6492
0.9286
0.1095
0.9468
0.0068
0.9385
0.4677
0.7095
0.2786
0.6809
0.0459
0.1154
0.0376
0.6828
0.0284
0.3805
0.0281
0.8391
0.924
0.2606
0.9228
0.7094
0.9977
0.0967
0.2214
0.3363
0.3658
0.7244
0.5476
0.5777
0.6875
0.1154
0.327
0.6211
0.9895
0.0055
0.5509
0.0053
0.9671
0.8879
0.0584
0.3995
0.9395
0.9266
0.0227
0.9793
0.0097
0.0681
0.9844
0.4403
0.5698
0.988
0.9972
0.4353
0.0483
0.0217
0.7014
0.1903
0.9978
0.6159
0.9858
0.8181
0.1236
0.8688
0.8884
0.286
0.144
0.0308
0.7603
0.001
0.001
0.2243
0.0751
0.001
0.0215
0.001
0.4203
0.9495
0.9883
0.9787
0.2184
0.2754
0.8768
0.9354
0.3562
0.9944
0.831
0.0794
0.2267
0.2993
0.9757
0.0034
0.6103
0.0791
0.986
0.0291
0.8347
0.7608
0.2092
0.4733
0.4443
0.7997
0.6087
0.0141
0.9952
0.9974
0.2227
0.7343
0.1874
0.001
0.9986
0.5797
0.7264
0.0505
0.9387
0.1463
0.0152
0.0105
0.8753
0.6591
0.0747
0.2373
0.2565
0.817
0.0964
0.59
0.9292
0.9554
0.7378
0.0937
0.0137
0.981
0.973
0.9289
0.8538
0.4963
0.0489
0.8964
0.1208
0.8806
0.0062
0.0067
0.2406
0.851
0.2453
0.1827
0.604
