0.9289
0.0831
0.0291
0.999
0.5442
0.044
0.1985
0.002
0.9856
0.8143
0.9139
0.5889
0.2171
0.7322
0.3418
0.1112
0.999
0.1227
0.8529
0.0733
0.9379
0.001
0.2972
0.7459
0.1704
0.0201
0.0011
0.1714
0.1283
0.0986
0.5266
0.1205
0.9936
0.9824
0.0024
0.9542
0.381
0.999
0.3574
0.5113
0.1341
0.3676
0.001
0.0771
0.3984
0.1236
0.0023
0.6453
0.7813
0.999
0.2906
0.027
0.0063
0.994
0.9931
0.1135
0.1746
0.8685
0.4633
0.6959
0.9892
0.1145
0.2185
0.8722
0.4221
0.4447
0.7926
0.9952
0.3142
0.0014
0.0149
0.8261
0.6114
0.999
0.0425
0.657
0.4556
0.2409
0.9464
0.9869
0.9967
0.0373
0.1184
0.9684
0.0031
0.001
0.1134
0.042
0.001
0.0064
0.001
0.7975
0.7743
0.3847
0.589
0.4849
0.4526
0.3588
0.9866
0.4942
0.9631
0.9697
0.2004
0.2741
0.0169
0.6693
0.02
0.1196
0.6348
0.8809
0.031
0.227
0.5188
0.7587
0.237
0.3802
0.9541
0.5272
0.1771
0.9944
0.9933
0.0332
0.913
0.3577
0.0339
0.9029
0.4881
0.3047
0.0571
0.8855
0.0996
0.2977
0.5818
0.9739
0.999
0.0329
0.7044
0.0068
0.968
0.0248
0.0141
0.3195
0.8346
0.8175
0.0173
0.001
0.8647
0.9957
0.9906
0.9864
0.789
0.1522
0.999
0.0287
0.999
0.0327
0.0342
0.4742
0.4348
0.001
0.107
0.1549
