0.8016
0.6373
0.2424
0.8886
0.5879
0.0595
0.0305
0.0079
0.9103
0.4697
0.9151
0.8623
0.0881
0.1741
0.3901
0.3169
0.9237
0.3087
0.8747
0.4938
0.8818
0.3722
0.6013
0.2251
0.5757
0.1757
0.5794
0.0855
0.1625
0.008
0.2521
0.037
0.9707
0.8224
0.0717
0.9464
0.4251
0.9946
0.6517
0.289
0.4584
0.3446
0.5151
0.31
0.5743
0.581
0.2362
0.6151
0.4427
0.996
0.7711
0.7174
0.0164
0.9691
0.8324
0.0634
0.5993
0.9525
0.7898
0.3642
0.7203
0.0328
0.573
0.8086
0.5411
0.7867
0.995
0.9871
0.8091
0.1104
0.0095
0.5714
0.3342
0.9823
0.4412
0.9984
0.5953
0.1162
0.3903
0.5837
0.2006
0.3358
0.0278
0.7427
0.0184
0.0011
0.0341
0.0379
0.041
0.018
0.016
0.8843
0.7746
0.7451
0.9964
0.4452
0.7265
0.8208
0.7617
0.2695
0.969
0.7272
0.0834
0.3139
0.4766
0.917
0.1093
0.4707
0.4223
0.8581
0.1786
0.7339
0.5984
0.3537
0.5363
0.195
0.8993
0.6498
0.1678
0.7104
0.9637
0.421
0.3814
0.9217
0.2687
0.9709
0.5129
0.7553
0.2065
0.9601
0.4363
0.2021
0.371
0.9346
0.6768
0.0787
0.4075
0.5337
0.4011
0.183
0.158
0.8828
0.3202
0.8495
0.1261
0.0382
0.5828
0.9793
0.3693
0.7877
0.2396
0.1236
0.2577
0.0374
0.9539
0.1128
0.0424
0.4129
0.3525
0.0941
0.0697
0.4413
