0.612
0.764
0.57
0.814
0.54
0.178
0.404
0.3
0.75
0.368
0.656
0.688
0.386
0.352
0.304
0.472
0.852
0.422
0.698
0.498
0.706
0.464
0.494
0.524
0.132
0.33
0.674
0.378
0.538
0.198
0.77
0.368
0.642
0.88
0.288
0.79
0.6
0.662
0.726
0.718
0.386
0.364
0.45
0.494
0.554
0.578
0.284
0.556
0.558
0.806
0.462
0.508
0.262
0.838
0.832
0.25
0.514
0.702
0.726
0.604
0.802
0.306
0.436
0.806
0.592
0.536
0.85
0.836
0.672
0.15
0.164
0.63
0.47
0.78
0.47
0.738
0.576
0.218
0.594
0.464
0.696
0.33
0.246
0.674
0.15
0.158
0.438
0.256
0.27
0.346
0.116
0.768
0.552
0.712
0.538
0.468
0.596
0.756
0.664
0.358
0.78
0.65
0.284
0.356
0.682
0.646
0.392
0.484
0.464
0.742
0.122
0.598
0.574
0.362
0.422
0.082
0.742
0.392
0.314
0.67
0.73
0.348
0.436
0.57
0.038
0.764
0.55
0.602
0.188
0.87
0.274
0.292
0.35
0.66
0.738
0.126
0.362
0.51
0.618
0.348
0.396
0.732
0.572
0.538
0.204
0.262
0.64
0.736
0.49
0.746
0.466
0.294
0.55
0.404
0.3
0.138
0.154
0.332
0.464
0.366
0.142
0.622
