0.6441
0.3841
0.2435
0.8403
0.4414
0.0458
0.4194
0.001
0.7662
0.1942
0.7302
0.4077
0.1318
0.3313
0.1244
0.0538
0.999
0.2901
0.8965
0.0976
0.9357
0.001
0.2997
0.5786
0.1735
0.0747
0.13
0.5968
0.0644
0.1013
0.5262
0.0863
0.9931
0.819
0.0916
0.8154
0.4984
0.2603
0.2258
0.9161
0.0221
0.3693
0.001
0.1774
0.0405
0.2732
0.1169
0.5479
0.8
0.9987
0.0825
0.001
0.0569
0.9981
0.999
0.2718
0.8478
0.9405
0.6471
0.2742
0.9756
0.1164
0.352
0.6038
0.6423
0.5097
0.9095
0.9438
0.2585
0.002
0.009
0.7881
0.9837
0.999
0.0139
0.7852
0.4548
0.2285
0.8756
0.9936
0.9832
0.1566
0.1136
0.8855
0.0257
0.001
0.1163
0.1171
0.001
0.0027
0.001
0.8837
0.8521
0.2495
0.5835
0.3173
0.7535
0.5935
0.9888
0.6507
0.9929
0.9511
0.4117
0.5186
0.0053
0.6377
0.0032
0.3688
0.1969
0.8322
0.0494
0.497
0.3936
0.9194
0.0884
0.2281
0.9781
0.5268
0.1655
0.9915
0.9955
0.0031
0.9537
0.4357
0.0518
0.9906
0.6599
0.4612
0.0458
0.847
0.1239
0.2859
0.0322
0.9986
0.9804
0.0163
0.7244
0.5552
0.8624
0.1421
0.3462
0.0464
0.6347
0.8144
0.0488
0.0023
0.9843
0.963
0.9859
0.9828
0.786
0.1553
0.9911
0.1248
0.999
0.0438
0.0243
0.4746
0.3136
0.0531
0.0628
0.6301
