0.7084
0.7259
0.9136
0.8917
0.5628
0.068
0.6886
0.001
0.7911
0.0678
0.749
0.4615
0.161
0.4233
0.3099
0.115
0.999
0.3238
0.9118
0.1094
0.8456
0.001
0.5477
0.267
0.3086
0.145
0.0776
0.5381
0.0593
0.0389
0.4894
0.0595
0.9612
0.8551
0.0839
0.7866
0.5505
0.3566
0.1756
0.9832
0.024
0.4551
0.001
0.3748
0.053
0.3832
0.1358
0.5821
0.9047
0.999
0.4684
0.0014
0.0688
0.999
0.999
0.3136
0.6906
0.9764
0.4791
0.7489
0.9683
0.1437
0.3868
0.6307
0.9986
0.5259
0.966
0.9604
0.0297
0.001
0.0031
0.7865
0.9735
0.999
0.0177
0.9211
0.4532
0.4455
0.8834
0.9948
0.9708
0.2191
0.102
0.9303
0.0243
0.001
0.0746
0.209
0.0012
0.001
0.001
0.9029
0.8613
0.4386
0.6685
0.0168
0.7027
0.6685
0.9873
0.5409
0.9939
0.9937
0.3998
0.5606
0.0037
0.8656
0.0011
0.3937
0.3496
0.8597
0.0334
0.725
0.5315
0.9412
0.0691
0.2108
0.9975
0.3732
0.1705
0.9499
0.999
0.0202
0.9784
0.5141
0.0345
0.9179
0.7664
0.549
0.0348
0.8475
0.1046
0.4847
0.0364
0.999
0.9817
0.0017
0.9437
0.6754
0.967
0.149
0.3301
0.9057
0.5438
0.8283
0.1183
0.0088
0.9838
0.9784
0.996
0.9942
0.855
0.3487
0.9554
0.1615
0.9919
0.0413
0.0024
0.2513
0.4442
0.0741
0.0392
0.5973
