0.5273
0.4214
0.6903
0.9582
0.7382
0.0913
0.4538
0.0385
0.8326
0.3116
0.6705
0.4007
0.4594
0.1981
0.3601
0.4129
0.9963
0.2517
0.4768
0.1647
0.8777
0.001
0.156
0.3915
0.3534
0.1133
0.0051
0.6206
0.2377
0.0446
0.4037
0.3067
0.9448
0.7732
0.3183
0.8744
0.3376
0.9761
0.4017
0.6933
0.1889
0.3838
0.001
0.4422
0.351
0.3948
0.2826
0.6124
0.6285
0.9768
0.6771
0.1754
0.1785
0.965
0.9213
0.2732
0.8784
0.727
0.6973
0.5994
0.9313
0.2532
0.3128
0.5079
0.8469
0.1212
0.8422
0.9113
0.2095
0.0252
0.1387
0.5854
0.7586
0.9918
0.257
0.7994
0.5443
0.4116
0.8937
0.7516
0.0054
0.267
0.287
0.8045
0.0623
0.001
0.1874
0.1984
0.0053
0.1253
0.0642
0.4968
0.8111
0.489
0.4223
0.2596
0.6787
0.6405
0.7738
0.4389
0.5947
0.7106
0.5139
0.441
0.0343
0.8125
0.1478
0.4596
0.6319
0.8678
0.1179
0.5003
0.4949
0.6882
0.351
0.5346
0.8607
0.3669
0.3511
0.8829
0.9139
0.1624
0.6812
0.5745
0.2499
0.0903
0.7095
0.7641
0.1172
0.6029
0.3453
0.8092
0.4154
0.983
0.8522
0.2577
0.7082
0.2628
0.6085
0.274
0.3291
0.7857
0.7083
0.6843
0.3281
0.0195
0.9905
0.734
0.948
0.8887
0.6367
0.229
0.9966
0.2138
0.9908
0.4078
0.1309
0.3857
0.5906
0.3893
0.4
0.3809
