0.6682
0.8627
0.9423
0.999
0.9642
0.0477
0.6491
0.0753
0.9143
0.6798
0.8312
0.5756
0.1624
0.0621
0.1633
0.9064
0.9973
0.0434
0.7879
0.2495
0.79
0.001
0.0666
0.9893
0.1815
0.1526
0.0724
0.1625
0.001
0.1404
0.5607
0.1761
0.7924
0.993
0.1693
0.8661
0.4341
0.9963
0.6701
0.9893
0.2137
0.5141
0.001
0.3916
0.0084
0.9004
0.1151
0.4041
0.3708
0.6059
0.0073
0.622
0.0081
0.9879
0.2449
0.1764
0.1395
0.9479
0.6937
0.5796
0.997
0.4566
0.2534
0.979
0.403
0.4096
0.9323
0.9969
0.6061
0.03
0.0279
0.5381
0.7741
0.9476
0.2973
0.0092
0.2588
0.3695
0.001
0.8711
0.1464
0.0208
0.1018
0.9832
0.0071
0.0033
0.2335
0.0983
0.0663
0.0132
0.013
0.7771
0.6316
0.8529
0.8603
0.0266
0.9744
0.8078
0.977
0.4042
0.999
0.922
0.8867
0.5529
0.0885
0.6591
0.001
0.3503
0.4513
0.8538
0.0979
0.2196
0.4206
0.8527
0.48
0.0942
0.5799
0.3425
0.1211
0.8893
0.999
0.0246
0.6786
0.3801
0.4794
0.9948
0.8593
0.7988
0.0616
0.9805
0.1488
0.2126
0.2914
0.9708
0.999
0.0051
0.1931
0.7
0.918
0.9961
0.8974
0.649
0.2735
0.9637
0.1741
0.0591
0.9418
0.6387
0.939
0.9984
0.9653
0.2022
0.9973
0.1165
0.7867
0.0704
0.0354
0.5984
0.4086
0.2309
0.5757
0.3555
