0.7049
0.7919
0.7704
0.9765
0.7563
0.1498
0.2005
0.1884
0.7898
0.7101
0.5849
0.4703
0.1851
0.2244
0.2895
0.6805
0.9932
0.0879
0.6639
0.2521
0.6579
0.0023
0.0874
0.8238
0.1685
0.2489
0.3137
0.6444
0.0022
0.3195
0.7392
0.2656
0.901
0.9486
0.2599
0.9039
0.465
0.9752
0.6956
0.9532
0.2483
0.5069
0.0044
0.4538
0.0875
0.4826
0.3366
0.4254
0.3368
0.5721
0.1168
0.3449
0.0102
0.9667
0.7745
0.211
0.5535
0.8127
0.659
0.4732
0.9782
0.3263
0.4616
0.8591
0.5972
0.3312
0.9138
0.9919
0.6916
0.0377
0.0541
0.4732
0.7527
0.9838
0.18
0.2092
0.3379
0.3686
0.2043
0.8631
0.4986
0.1292
0.1815
0.9476
0.0247
0.0583
0.1228
0.144
0.1751
0.076
0.1503
0.6304
0.5634
0.6904
0.8148
0.18
0.7851
0.6773
0.9387
0.44
0.9533
0.8924
0.5175
0.6293
0.4229
0.5566
0.0398
0.4192
0.4943
0.7063
0.2854
0.4001
0.3218
0.5628
0.49
0.2616
0.8088
0.5115
0.3444
0.8142
0.9846
0.0679
0.5384
0.4453
0.524
0.9715
0.6487
0.6235
0.1484
0.9619
0.4625
0.2526
0.2879
0.8963
0.992
0.0287
0.2328
0.564
0.8489
0.9509
0.9077
0.8521
0.5671
0.8713
0.1758
0.1906
0.8637
0.7024
0.8817
0.9749
0.9031
0.1044
0.9335
0.3401
0.3933
0.1675
0.1777
0.4761
0.2753
0.2526
0.56
0.5934
