0.5912
0.6347
0.7523
0.9097
0.777
0.2388
0.5812
0.1751
0.702
0.5362
0.6264
0.2466
0.1882
0.1562
0.3502
0.7179
0.9413
0.295
0.5206
0.2092
0.6746
0.005
0.2548
0.943
0.2543
0.2496
0.3334
0.7028
0.001
0.2413
0.6157
0.2324
0.7611
0.9545
0.2529
0.8581
0.446
0.5246
0.6535
0.8693
0.3605
0.459
0.0078
0.4412
0.0543
0.648
0.2754
0.3851
0.3744
0.6968
0.2099
0.5874
0.2367
0.8918
0.5269
0.3303
0.5514
0.7921
0.5694
0.3486
0.9837
0.3091
0.3709
0.921
0.5288
0.3711
0.809
0.7594
0.5248
0.1417
0.0919
0.4489
0.7914
0.9676
0.3054
0.0334
0.3144
0.366
0.1479
0.8032
0.8302
0.0925
0.1184
0.8511
0.1404
0.1243
0.379
0.2306
0.1568
0.1454
0.1257
0.5704
0.5874
0.6467
0.593
0.2408
0.8346
0.5695
0.8242
0.4526
0.9549
0.8039
0.5934
0.662
0.3905
0.5214
0.2605
0.4346
0.4538
0.7041
0.2799
0.3801
0.4221
0.556
0.4544
0.208
0.7115
0.4127
0.3091
0.8131
0.8971
0.1767
0.4758
0.4522
0.3905
0.9272
0.6542
0.4902
0.2359
0.7666
0.3212
0.2895
0.4057
0.6683
0.9946
0.1262
0.2927
0.4762
0.4287
0.8341
0.8998
0.7355
0.4901
0.6528
0.2321
0.2443
0.8735
0.6355
0.7809
0.9267
0.789
0.2114
0.3774
0.2249
0.7175
0.1862
0.1816
0.4249
0.4347
0.2462
0.4814
0.3745
