0.696
0.908
0.9983
0.999
0.6214
0.099
0.5374
0.9757
0.9872
0.9953
0.4988
0.4892
0.1253
0.1206
0.2227
0.9975
0.9944
0.1044
0.5208
0.0024
0.6586
0.0449
0.0143
0.9969
0.2527
0.0251
0.0341
0.7345
0.0073
0.1637
0.7259
0.173
0.904
0.999
0.1398
0.9883
0.0488
0.9811
0.9676
0.9745
0.1291
0.4361
0.0099
0.696
0.077
0.7786
0.2635
0.304
0.9434
0.0224
0.1045
0.9845
0.0135
0.999
0.0083
0.1776
0.6537
0.8389
0.7218
0.539
0.999
0.2049
0.1133
0.999
0.0282
0.0471
0.9104
0.9929
0.9919
0.0443
0.1513
0.9865
0.5377
0.9542
0.011
0.001
0.0654
0.1568
0.0069
0.999
0.1313
0.0817
0.0814
0.9092
0.0131
0.0615
0.0212
0.0979
0.007
0.3471
0.0348
0.9009
0.0398
0.999
0.8437
0.2985
0.7848
0.8212
0.9894
0.7632
0.9973
0.7713
0.8539
0.8163
0.999
0.999
0.0036
0.3464
0.4657
0.9566
0.1542
0.3361
0.3647
0.4611
0.3749
0.0236
0.8924
0.569
0.5303
0.1984
0.9346
0.0198
0.5472
0.0123
0.61
0.9782
0.6583
0.7746
0.0599
0.9744
0.0322
0.0077
0.1303
0.9296
0.999
0.001
0.6075
0.6828
0.5186
0.9914
0.9984
0.999
0.6267
0.8325
0.0542
0.0187
0.999
0.9032
0.9795
0.999
0.9111
0.4636
0.2301
0.2656
0.8915
0.0829
0.0496
0.659
0.6801
0.1936
0.425
0.2048
