0.6237
0.7042
0.9229
0.9862
0.9663
0.0892
0.6287
0.0067
0.9688
0.8759
0.6817
0.1022
0.1661
0.0779
0.0946
0.9133
0.9659
0.0953
0.6815
0.1851
0.9205
0.1108
0.2245
0.9977
0.0986
0.0498
0.2007
0.1962
0.001
0.2662
0.85
0.1305
0.6266
0.9858
0.1049
0.7591
0.4947
0.9339
0.646
0.9783
0.2274
0.4739
0.0074
0.7016
0.0089
0.7535
0.2035
0.3636
0.4019
0.9121
0.001
0.7745
0.0336
0.9779
0.1485
0.1591
0.604
0.9539
0.6417
0.1039
0.9952
0.2342
0.2976
0.975
0.089
0.351
0.9042
0.9648
0.3072
0.0275
0.0718
0.4621
0.8948
0.909
0.1348
0.001
0.2193
0.2155
0.0334
0.8154
0.7246
0.0269
0.0746
0.9528
0.0238
0.0011
0.3007
0.0823
0.0192
0.1033
0.0446
0.6714
0.8322
0.8559
0.7598
0.1814
0.9198
0.7248
0.912
0.3449
0.9835
0.923
0.7226
0.7397
0.2276
0.3957
0.0014
0.4044
0.4287
0.9175
0.0904
0.1346
0.3932
0.8596
0.4475
0.164
0.7067
0.266
0.49
0.932
0.9984
0.0269
0.4284
0.4681
0.3798
0.8925
0.7865
0.5821
0.0913
0.9325
0.2889
0.2487
0.1268
0.8968
0.999
0.0313
0.4077
0.3462
0.9064
0.9986
0.9667
0.5267
0.5402
0.8406
0.0831
0.0242
0.91
0.4493
0.9316
0.9951
0.953
0.0245
0.163
0.1699
0.8347
0.1346
0.0685
0.565
0.3156
0.168
0.433
0.4218
