0.8892
0.9569
0.7253
0.9927
0.8477
0.1332
0.8336
0.2038
0.9833
0.6169
0.3543
0.6973
0.0651
0.0394
0.0637
0.4818
0.9091
0.082
0.864
0.2471
0.732
0.0446
0.3455
0.9452
0.0844
0.0389
0.0416
0.028
0.1005
0.134
0.3877
0.1251
0.5388
0.9795
0.1697
0.0939
0.4581
0.6895
0.2838
0.896
0.0733
0.5279
0.8855
0.5884
0.4901
0.9613
0.3403
0.238
0.2669
0.9506
0.4832
0.4766
0.0383
0.9935
0.8815
0.2515
0.1328
0.9808
0.5701
0.8932
0.9466
0.1181
0.2229
0.9526
0.3351
0.2922
0.9802
0.9834
0.9855
0.1423
0.0282
0.6008
0.0676
0.9771
0.6071
0.974
0.1032
0.3659
0.4658
0.7844
0.1105
0.1648
0.1048
0.927
0.028
0.0088
0.0313
0.1894
0.0499
0.0313
0.0495
0.6171
0.5308
0.8991
0.6824
0.4299
0.8782
0.7141
0.9966
0.1435
0.9699
0.2832
0.2564
0.0748
0.0402
0.8639
0.4727
0.2129
0.2845
0.4775
0.1933
0.5582
0.8413
0.3173
0.2682
0.0674
0.9023
0.1925
0.3168
0.4306
0.9715
0.7156
0.5394
0.8582
0.2854
0.9752
0.6524
0.8877
0.0926
0.9892
0.3036
0.2975
0.4713
0.9002
0.8753
0.0474
0.126
0.9294
0.9105
0.7967
0.0818
0.9899
0.6811
0.8726
0.2571
0.1082
0.9456
0.992
0.7575
0.9891
0.5146
0.0258
0.3785
0.0736
0.2907
0.1375
0.016
0.8349
0.6705
0.0866
0.139
0.6687
