0.8111
0.999
0.0267
0.999
0.3428
0.01
0.2043
0.001
0.999
0.2105
0.3351
0.0038
0.2348
0.001
0.001
0.001
0.9768
0.0029
0.5732
0.0817
0.9297
0.001
0.5675
0.001
0.001
0.001
0.6216
0.9454
0.201
0.001
0.7525
0.0064
0.9989
0.0017
0.1846
0.5471
0.6317
0.9705
0.093
0.999
0.1512
0.2384
0.0159
0.9954
0.0108
0.4483
0.9973
0.4264
0.0518
0.8784
0.9703
0.001
0.0092
0.999
0.001
0.001
0.9063
0.8945
0.9965
0.001
0.999
0.001
0.2594
0.999
0.0589
0.001
0.999
0.999
0.999
0.0011
0.001
0.6166
0.22
0.999
0.4728
0.9113
0.0482
0.0056
0.0222
0.1707
0.7759
0.0082
0.0169
0.999
0.001
0.001
0.0067
0.001
0.001
0.001
0.0132
0.6096
0.239
0.999
0.9241
0.0717
0.9982
0.8213
0.0681
0.01
0.9529
0.976
0.0106
0.0507
0.3399
0.8794
0.0021
0.309
0.0033
0.9487
0.0044
0.1139
0.0294
0.635
0.0219
0.0238
0.999
0.1013
0.0188
0.9519
0.999
0.001
0.0175
0.0088
0.1175
0.999
0.4431
0.9982
0.0037
0.999
0.3595
0.0013
0.9563
0.999
0.999
0.001
0.0342
0.001
0.0024
0.0858
0.0073
0.999
0.1988
0.941
0.0018
0.0028
0.7152
0.999
0.9973
0.999
0.6511
0.001
0.999
0.001
0.0773
0.001
0.019
0.699
0.0933
0.9978
0.001
0.6332
