0.7975
0.421
0.4155
0.8033
0.8354
0.0665
0.6276
0.5692
0.8745
0.1209
0.5299
0.1293
0.111
0.0345
0.1796
0.5723
0.7568
0.1953
0.4926
0.248
0.8392
0.871
0.8439
0.8138
0.4386
0.1968
0.6248
0.7671
0.1236
0.0033
0.7295
0.315
0.0309
0.8136
0.1635
0.2942
0.7291
0.1331
0.7828
0.719
0.262
0.5276
0.071
0.2554
0.2038
0.2392
0.5806
0.666
0.612
0.4848
0.3686
0.4206
0.2302
0.8855
0.8923
0.2233
0.8657
0.8564
0.5777
0.4172
0.8138
0.1004
0.6247
0.8118
0.0965
0.5648
0.7464
0.8946
0.8467
0.0274
0.1334
0.5223
0.6972
0.9518
0.3826
0.37
0.4421
0.1107
0.0755
0.8099
0.8094
0.1127
0.1526
0.8833
0.1125
0.1818
0.0185
0.1109
0.218
0.1869
0.071
0.8138
0.3882
0.7445
0.6277
0.071
0.9229
0.7713
0.8726
0.5228
0.9087
0.8756
0.2672
0.5526
0.5559
0.5489
0.5517
0.3769
0.406
0.9106
0.071
0.3754
0.4845
0.8057
0.6227
0.201
0.8095
0.4915
0.6036
0.8344
0.8845
0.0775
0.1711
0.3324
0.5392
0.8571
0.5042
0.5975
0.1064
0.9412
0.5051
0.211
0.6725
0.1794
0.8139
0.1383
0.071
0.7603
0.516
0.813
0.943
0.1793
0.6041
0.7669
0.071
0.2274
0.7037
0.7637
0.8847
0.8571
0.7731
0.1492
0.8365
0.3839
0.2907
0.6041
0.071
0.2863
0.3148
0.1678
0.128
0.7285
