0.602
0.704
0.7
0.832
0.636
0.104
0.478
0.302
0.654
0.682
0.536
0.496
0.362
0.206
0.176
0.562
0.854
0.162
0.652
0.478
0.638
0.4
0.438
0.586
0.178
0.096
0.388
0.316
0.484
0.296
0.412
0.366
0.732
0.768
0.272
0.492
0.358
0.618
0.496
0.666
0.404
0.46
0.492
0.648
0.43
0.626
0.3
0.47
0.468
0.662
0.328
0.506
0.19
0.742
0.86
0.244
0.468
0.65
0.674
0.428
0.782
0.33
0.436
0.806
0.378
0.346
0.882
0.852
0.766
0.318
0.3
0.69
0.206
0.768
0.5
0.774
0.328
0.26
0.468
0.594
0.48
0.25
0.242
0.702
0.268
0.106
0.566
0.452
0.194
0.502
0.128
0.608
0.622
0.852
0.614
0.352
0.782
0.77
0.81
0.3
0.86
0.592
0.36
0.376
0.282
0.642
0.316
0.402
0.492
0.666
0.208
0.426
0.666
0.544
0.67
0.226
0.716
0.194
0.304
0.758
0.856
0.412
0.438
0.52
0.406
0.822
0.702
0.714
0.078
0.902
0.334
0.308
0.466
0.546
0.784
0.114
0.494
0.764
0.546
0.586
0.474
0.626
0.656
0.724
0.344
0.388
0.77
0.794
0.586
0.932
0.742
0.26
0.482
0.406
0.644
0.324
0.21
0.54
0.552
0.386
0.224
0.394
