0.6018
0.6759
0.9747
0.9812
0.8267
0.3351
0.5031
0.3094
0.6904
0.6767
0.5825
0.6922
0.4003
0.1897
0.2917
0.8976
0.8162
0.1862
0.5641
0.2024
0.8177
0.0027
0.2695
0.5393
0.2915
0.3119
0.0429
0.4327
0.0521
0.555
0.702
0.3917
0.5152
0.9066
0.4048
0.589
0.5563
0.9092
0.79
0.9544
0.243
0.5864
0.001
0.637
0.2462
0.601
0.1428
0.5236
0.4508
0.5619
0.2265
0.7982
0.1364
0.874
0.12
0.4137
0.7557
0.6284
0.6222
0.8485
0.9493
0.2763
0.4919
0.863
0.3835
0.2804
0.7183
0.8033
0.72
0.0338
0.2133
0.5583
0.7922
0.1467
0.6434
0.4966
0.7119
0.537
0.012
0.7972
0.7072
0.2562
0.3756
0.9105
0.1698
0.0648
0.29
0.4877
0.2166
0.1762
0.151
0.6246
0.5746
0.695
0.3667
0.1763
0.5744
0.6867
0.856
0.5856
0.9428
0.9113
0.5714
0.7624
0.011
0.6197
0.0644
0.618
0.5636
0.8297
0.0856
0.5406
0.4003
0.5805
0.5418
0.6966
0.6932
0.4734
0.2506
0.7386
0.9313
0.0711
0.4627
0.4358
0.5014
0.9452
0.6379
0.8803
0.1198
0.8391
0.2372
0.3432
0.6024
0.9298
0.9519
0.0618
0.4157
0.6178
0.7781
0.9254
0.857
0.5237
0.5027
0.7384
0.1083
0.2553
0.957
0.6605
0.7579
0.9615
0.6927
0.1303
0.9371
0.4456
0.5453
0.2511
0.0841
0.5179
0.804
0.3674
0.3806
0.2994
