0.8157
0.9927
0.7873
0.999
0.6157
0.0669
0.677
0.0375
0.978
0.7727
0.8128
0.8341
0.2606
0.0141
0.0389
0.2527
0.8656
0.1653
0.7581
0.0886
0.9326
0.098
0.5408
0.9653
0.0704
0.0155
0.124
0.0234
0.0988
0.0349
0.5157
0.0943
0.9524
0.9898
0.0879
0.3005
0.7137
0.157
0.6509
0.8601
0.1705
0.2297
0.5973
0.7864
0.0948
0.989
0.7638
0.4099
0.2323
0.9017
0.1589
0.338
0.0038
0.9972
0.9661
0.1285
0.182
0.8475
0.7417
0.6867
0.9978
0.1247
0.007
0.9746
0.2324
0.2858
0.9859
0.9891
0.9977
0.0115
0.0579
0.1577
0.0186
0.9289
0.6427
0.9576
0.0042
0.0969
0.903
0.8187
0.1394
0.0041
0.1044
0.9088
0.0096
0.0027
0.0327
0.281
0.0213
0.2128
0.0151
0.6527
0.6153
0.924
0.6013
0.1887
0.9072
0.7695
0.999
0.0215
0.96
0.7516
0.2831
0.0741
0.0058
0.5264
0.7445
0.5839
0.062
0.4028
0.0583
0.7065
0.7771
0.197
0.5793
0.001
0.9534
0.2106
0.1501
0.7538
0.9879
0.7912
0.9634
0.4056
0.0016
0.9837
0.5513
0.6841
0.0408
0.9907
0.0113
0.1992
0.2202
0.8696
0.9837
0.0022
0.4468
0.8236
0.1598
0.9219
0.0517
0.8943
0.6652
0.8744
0.1298
0.065
0.9759
0.9984
0.5813
0.9918
0.9023
0.0489
0.2494
0.0145
0.6691
0.2956
0.0398
0.4239
0.8693
0.04
0.0059
0.6912
