0.5208
0.9931
0.8663
0.999
0.4712
0.0026
0.6587
0.3297
0.8012
0.9917
0.9547
0.8932
0.0351
0.001
0.0028
0.396
0.9333
0.7973
0.8193
0.0168
0.9675
0.0492
0.9456
0.9722
0.0643
0.0063
0.0348
0.2273
0.4614
0.0245
0.5723
0.0099
0.9547
0.8947
0.7968
0.0818
0.1385
0.6161
0.7161
0.4758
0.0268
0.9847
0.4947
0.6893
0.0096
0.9915
0.001
0.9035
0.0023
0.9969
0.0803
0.1108
0.1171
0.9586
0.999
0.41
0.313
0.9889
0.9527
0.7571
0.9747
0.034
0.0592
0.9903
0.1281
0.7106
0.999
0.9786
0.9664
0.1316
0.0494
0.0349
0.0147
0.9974
0.9056
0.6947
0.0558
0.0181
0.9406
0.533
0.6491
0.714
0.0048
0.94
0.0027
0.001
0.839
0.1914
0.0124
0.001
0.0387
0.5699
0.4638
0.9519
0.469
0.2989
0.999
0.3509
0.9846
0.4098
0.9263
0.4844
0.0722
0.0376
0.1029
0.8436
0.5055
0.6687
0.1043
0.4145
0.1702
0.3495
0.9256
0.0126
0.3687
0.06
0.997
0.1138
0.0219
0.991
0.9959
0.9813
0.2006
0.3301
0.0355
0.9157
0.0577
0.595
0.078
0.9749
0.4808
0.0262
0.1241
0.5776
0.9674
0.2654
0.0876
0.9974
0.1067
0.9582
0.876
0.7267
0.9611
0.9912
0.0496
0.2377
0.967
0.9577
0.8013
0.9975
0.9941
0.0017
0.4645
0.0015
0.7508
0.0603
0.001
0.7591
0.8992
0.0063
0.0419
0.5646
