0.8673
0.5563
0.8513
0.9822
0.4721
0.1329
0.2555
0.3491
0.5991
0.2013
0.691
0.6097
0.059
0.2975
0.2371
0.4591
0.8438
0.0183
0.5972
0.1485
0.6682
0.0941
0.4533
0.7475
0.4648
0.1008
0.1468
0.1422
0.0611
0.0423
0.8066
0.1271
0.0123
0.8504
0.0282
0.3199
0.4141
0.9452
0.7502
0.9389
0.4443
0.7791
0.0941
0.7328
0.1132
0.6611
0.492
0.5352
0.0512
0.7243
0.4255
0.6454
0.0502
0.9877
0.8653
0.0894
0.3517
0.8689
0.6843
0.5542
0.8797
0.0344
0.2949
0.6575
0.8574
0.5377
0.8373
0.9522
0.8905
0.2086
0.1201
0.5656
0.5152
0.9365
0.2836
0.852
0.4553
0.3872
0.6418
0.8796
0.1705
0.0968
0.1336
0.9349
0.4364
0.0472
0.2833
0.0941
0.0787
0.1197
0.226
0.8435
0.4738
0.663
0.6528
0.3104
0.8193
0.648
0.9352
0.3551
0.876
0.8731
0.2188
0.5169
0.2222
0.6167
0.2122
0.417
0.6957
0.9165
0.4876
0.6418
0.3305
0.8412
0.4469
0.2481
0.853
0.6822
0.5624
0.8646
0.9621
0.3515
0.2803
0.3933
0.4109
0.9897
0.5535
0.2947
0.3319
0.9049
0.6033
0.3667
0.2797
0.2692
0.8817
0.1434
0.2074
0.909
0.8682
0.7867
0.2692
0.8768
0.4961
0.9633
0.0999
0.3246
0.8751
0.9842
0.8936
0.9867
0.6581
0.1642
0.8671
0.4287
0.1333
0.8306
0.1641
0.388
0.2693
0.4007
0.2025
0.6163
