0.8177
0.9012
0.9039
0.2628
0.8822
0.0504
0.4684
0.6187
0.8186
0.3475
0.4151
0.0461
0.0699
0.1001
0.1295
0.9261
0.999
0.3566
0.5318
0.1142
0.9917
0.001
0.1498
0.9802
0.0367
0.131
0.0124
0.8359
0.0232
0.3766
0.9491
0.1509
0.999
0.9953
0.3248
0.2108
0.4749
0.1503
0.034
0.9951
0.1051
0.1739
0.001
0.6753
0.0959
0.3922
0.1176
0.4574
0.0568
0.8126
0.0042
0.5081
0.0928
0.9679
0.0842
0.2868
0.9151
0.9169
0.1654
0.2339
0.9961
0.1926
0.529
0.8992
0.3444
0.3106
0.9375
0.9301
0.5254
0.0548
0.2567
0.832
0.9008
0.0029
0.4409
0.1319
0.3316
0.5544
0.7781
0.7482
0.999
0.1047
0.0753
0.9496
0.0426
0.0039
0.0439
0.0538
0.0272
0.1612
0.0227
0.9151
0.6147
0.8163
0.8078
0.1183
0.8357
0.294
0.9669
0.3784
0.9855
0.8655
0.1666
0.7158
0.3363
0.5166
0.001
0.4828
0.0948
0.4367
0.2917
0.2226
0.3088
0.699
0.1598
0.0679
0.7606
0.3846
0.482
0.9277
0.9891
0.4082
0.6695
0.5343
0.2838
0.9917
0.5978
0.904
0.1524
0.8991
0.1253
0.1179
0.3746
0.3451
0.999
0.0061
0.6249
0.6226
0.6326
0.9867
0.999
0.394
0.685
0.6048
0.0508
0.0545
0.8272
0.8789
0.9274
0.9982
0.9918
0.001
0.3763
0.5841
0.0107
0.2261
0.0598
0.5047
0.0405
0.0954
0.2694
0.5886
