0.642
0.64
0.632
0.6
0.644
0.27
0.502
0.198
0.596
0.62
0.45
0.514
0.42
0.162
0.286
0.428
0.786
0.37
0.63
0.316
0.638
0.57
0.526
0.508
0.208
0.094
0.532
0.276
0.314
0.316
0.3
0.25
0.71
0.722
0.264
0.558
0.308
0.496
0.44
0.596
0.518
0.47
0.46
0.584
0.392
0.74
0.488
0.46
0.186
0.878
0.252
0.498
0.322
0.762
0.744
0.436
0.344
0.602
0.678
0.472
0.792
0.252
0.338
0.718
0.504
0.442
0.958
0.746
0.744
0.292
0.154
0.516
0.386
0.75
0.546
0.588
0.43
0.518
0.368
0.622
0.488
0.264
0.178
0.68
0.274
0.102
0.426
0.47
0.132
0.226
0.226
0.644
0.534
0.84
0.554
0.458
0.742
0.502
0.75
0.36
0.862
0.412
0.222
0.486
0.304
0.614
0.416
0.47
0.41
0.53
0.252
0.548
0.498
0.466
0.44
0.386
0.664
0.226
0.304
0.79
0.796
0.64
0.426
0.172
0.268
0.884
0.65
0.674
0.348
0.82
0.208
0.122
0.476
0.546
0.75
0.142
0.418
0.616
0.424
0.628
0.42
0.6
0.552
0.614
0.472
0.41
0.764
0.848
0.546
0.97
0.548
0.254
0.612
0.294
0.516
0.38
0.172
0.642
0.618
0.388
0.098
0.538
