0.7038
0.5368
0.7963
0.9977
0.7531
0.2364
0.3844
0.2503
0.6465
0.4082
0.4672
0.5814
0.2529
0.3126
0.1477
0.7705
0.9703
0.1222
0.5971
0.1645
0.6442
0.0004
0.198
0.6919
0.2279
0.144
0.3725
0.6985
0.0158
0.2348
0.651
0.2632
0.8154
0.9239
0.2529
0.9132
0.4571
0.9637
0.5245
0.9093
0.2855
0.4839
0
0.3667
0.1661
0.3054
0.497
0.6355
0.4841
0.8146
0.0303
0.628
0.0711
0.9792
0.2374
0.2729
0.5557
0.8402
0.2143
0.3161
0.9813
0.2208
0.3856
0.8408
0.8069
0.3438
0.8234
0.9228
0.8515
0.059
0.0381
0.565
0.8978
0.9907
0.6123
0.0136
0.6745
0.2221
0.065
0.8101
0.937
0.2639
0.1584
0.967
0.1082
0.0044
0.1815
0.0673
0.0163
0.0415
0.0832
0.7638
0.8392
0.8567
0.3979
0.1941
0.7158
0.7709
0.9624
0.6055
0.9561
0.7054
0.2252
0.6777
0.0188
0.6012
0.104
0.4084
0.2705
0.8911
0.3378
0.3044
0.4121
0.6498
0.2889
0.5446
0.8603
0.4393
0.4904
0.9599
0.9938
0.2287
0.5384
0.637
0.3036
0.9693
0.5905
0.5534
0.2231
0.9311
0.2329
0.2859
0.3514
0.6935
0.9862
0.0227
0.2958
0.6943
0.6844
0.9748
0.9673
0.6353
0.5126
0.7502
0.2619
0.0386
0.9633
0.9164
0.9186
0.988
0.8135
0.0777
0.9011
0.3272
0.6899
0.2912
0.0625
0.4176
0.1011
0.2366
0.2372
0.5614
