0.7703
0.8075
0.5034
0.0037
0.3677
0.0113
0.0979
0.4388
0.4951
0.0371
0.1533
0.9731
0.0066
0.3052
0.0412
0.7168
0.9983
0.001
0.4474
0.0627
0.2103
0.9982
0.8622
0.001
0.001
0.0651
0.331
0.0108
0.9756
0.0032
0.2817
0.001
0.459
0.001
0.001
0.6182
0.0923
0.5225
0.001
0.9885
0.3551
0.2523
0.3716
0.3444
0.001
0.0674
0.6326
0.569
0.027
0.9971
0.0093
0.0624
0.0639
0.999
0.8171
0.0214
0.4001
0.9889
0.7935
0.0026
0.9986
0.0055
0.466
0.9889
0.9291
0.4309
0.999
0.999
0.3623
0.0188
0.001
0.8525
0.909
0.9941
0.7627
0.999
0.0796
0.3667
0.4258
0.5363
0.0082
0.1158
0.0195
0.9534
0.0027
0.0313
0.3833
0.2749
0.1213
0.0016
0.1349
0.7637
0.4573
0.6459
0.9395
0.4438
0.969
0.4649
0.9464
0.6773
0.9946
0.9648
0.0118
0.3784
0.8791
0.8428
0.1948
0.2831
0.1895
0.704
0.3533
0.2826
0.4141
0.0474
0.4376
0.0285
0.999
0.0058
0.4119
0.9042
0.999
0.001
0.4115
0.1271
0.075
0.8648
0.0569
0.4884
0.2417
0.9862
0.6885
0.1675
0.4479
0.7493
0.9838
0.088
0.2916
0.999
0.005
0.7271
0.001
0.9917
0.461
0.7135
0.0204
0.5949
0.9079
0.999
0.9913
0.9602
0.989
0.7054
0.9142
0.001
0.2361
0.2619
0.1976
0.5791
0.4414
0.001
0.4199
0.5867
