0.3306
0.1569
0.9287
0.9965
0.8738
0.2411
0.6449
0.7777
0.9544
0.7308
0.3894
0.0032
0.8376
0.0273
0.0693
0.9168
0.9158
0.0919
0.4296
0.2115
0.7957
0.001
0.304
0.9978
0.1343
0.1341
0.0866
0.3843
0.001
0.094
0.5137
0.1127
0.2632
0.9708
0.1281
0.0762
0.6566
0.8942
0.6272
0.999
0.3277
0.499
0.001
0.178
0.5783
0.5535
0.0723
0.9846
0.0402
0.8979
0.5348
0.0698
0.2468
0.9962
0.9985
0.2284
0.7985
0.8754
0.7778
0.8203
0.9961
0.6844
0.1714
0.9091
0.9912
0.1707
0.912
0.999
0.9509
0.0832
0.1347
0.3867
0.9756
0.0159
0.339
0.032
0.5545
0.1936
0.9753
0.9057
0.999
0.1062
0.0769
0.7093
0.0026
0.002
0.2632
0.0869
0.0102
0.2017
0.0117
0.9618
0.711
0.8743
0.9343
0.6602
0.8594
0.8334
0.9792
0.4521
0.2974
0.6589
0.5093
0.9338
0.0452
0.5826
0.0313
0.4097
0.1824
0.9773
0.3785
0.3185
0.672
0.5796
0.4212
0.344
0.7698
0.4101
0.5719
0.946
0.9942
0.7725
0.7731
0.5997
0.1358
0.9947
0.3186
0.9436
0.0306
0.9866
0.1746
0.1281
0.5069
0.8564
0.9943
0.001
0.2375
0.9462
0.6713
0.999
0.999
0.7937
0.4767
0.548
0.0999
0.054
0.9924
0.8071
0.9637
0.999
0.5569
0.024
0.3494
0.997
0.7186
0.1496
0.0128
0.2933
0.0947
0.2763
0.5179
0.6317
