0.7637
0.4319
0.1319
0.8099
0.3527
0.5662
0.6006
0.3543
0.9737
0.8606
0.579
0.3941
0.6624
0.1695
0.0646
0.1406
0.9208
0.2243
0.8675
0.0807
0.8173
0.2864
0.6165
0.9686
0.1893
0.0373
0.0767
0.0201
0.601
0.045
0.4688
0.0133
0.8063
0.9021
0.1954
0.7442
0.0623
0.2667
0.3797
0.1948
0.3511
0.4641
0.5502
0.3677
0.7111
0.9921
0.4568
0.1876
0.0327
0.9494
0.3704
0.0907
0.4954
0.9698
0.953
0.4432
0.3734
0.9553
0.4989
0.6927
0.9871
0.2188
0.0419
0.9029
0.5245
0.7537
0.9933
0.869
0.7567
0.7501
0.0191
0.6912
0.307
0.6626
0.9553
0.9861
0.3438
0.1849
0.3182
0.6963
0.7082
0.5044
0.0214
0.9684
0.0455
0.0138
0.0449
0.0841
0.0211
0.0156
0.0839
0.5949
0.2689
0.9551
0.6769
0.4007
0.3071
0.5109
0.9618
0.1545
0.9629
0.3772
0.1031
0.3685
0.0437
0.5285
0.5681
0.3363
0.3929
0.4839
0.1853
0.5379
0.8432
0.1368
0.5735
0.2173
0.9665
0.438
0.361
0.8332
0.9948
0.4915
0.4786
0.1783
0.0958
0.9329
0.6376
0.9151
0.0696
0.9459
0.1906
0.1428
0.3061
0.7885
0.9913
0.1555
0.1916
0.8574
0.1217
0.8122
0.3544
0.9275
0.8085
0.9401
0.1325
0.2015
0.98
0.9723
0.7285
0.9778
0.669
0.0191
0.6036
0.2333
0.5997
0.15
0.041
0.7945
0.6967
0.3732
0.3287
0.3883
