0.7246
0.5663
0.9704
0.5334
0.5938
0.3007
0.595
0.7258
0.6228
0.5213
0.659
0.4233
0.4489
0.1632
0.3555
0.7592
0.9065
0.3595
0.5161
0.4553
0.6389
0.7976
0.3893
0.5604
0.2143
0.2378
0.3447
0.5351
0.0032
0.312
0.5597
0.2868
0.424
0.603
0.2911
0.5943
0.5204
0.9053
0.5137
0.9907
0.1713
0.4869
0.4241
0.4822
0.043
0.634
0.2658
0.4474
0.0806
0.8469
0.2249
0.3915
0.4586
0.8248
0.4565
0.6287
0.3036
0.7356
0.4509
0.4646
0.6703
0.5808
0.4401
0.6196
0.3996
0.4965
0.7701
0.9159
0.4586
0.0063
0.2717
0.4573
0.826
0.7031
0.4495
0.396
0.4145
0.31
0.4689
0.7015
0.138
0.1288
0.3119
0.7812
0.0869
0.0078
0.1321
0.3686
0.0419
0.1313
0.3928
0.6769
0.7162
0.8451
0.8107
0.4268
0.8704
0.6628
0.6617
0.4598
0.8662
0.8196
0.4671
0.3251
0.4671
0.5906
0.2342
0.4711
0.5326
0.867
0.4796
0.4275
0.5675
0.6164
0.5081
0.4386
0.6351
0.5613
0.4896
0.9012
0.886
0.3577
0.3179
0.5165
0.3949
0.9774
0.4128
0.6464
0.33
0.8887
0.477
0.2117
0.5094
0.4092
0.7182
0.2942
0.3446
0.8664
0.3942
0.9614
0.5583
0.4645
0.4367
0.6378
0.1967
0.1093
0.558
0.7736
0.7271
0.9935
0.6032
0.1662
0.145
0.3027
0.4057
0.4497
0.3146
0.4721
0.249
0.5031
0.4163
0.4465
