0.3646
0.1188
0.5619
0.9772
0.3464
0.2355
0.5057
0.6171
0.7774
0.1508
0.299
0.0381
0.8246
0.0455
0.0692
0.6151
0.9248
0.3053
0.5482
0.1589
0.7531
0.001
0.363
0.8206
0.1706
0.134
0.1116
0.2107
0.001
0.0918
0.5666
0.1716
0.3965
0.9617
0.1539
0.906
0.6157
0.8445
0.445
0.9735
0.312
0.5227
0.001
0.5448
0.3152
0.1514
0.1015
0.963
0.0589
0.8096
0.1213
0.5401
0.1032
0.9823
0.9537
0.6255
0.9264
0.8306
0.5374
0.1498
0.9959
0.2326
0.1598
0.8657
0.9586
0.166
0.7632
0.9288
0.9858
0.088
0.0563
0.4335
0.94
0.1877
0.2425
0.7936
0.6058
0.2176
0.9358
0.8582
0.842
0.0893
0.1184
0.9653
0.0394
0.0042
0.2981
0.0475
0.0285
0.0446
0.0245
0.6638
0.6131
0.8132
0.8084
0.5828
0.7557
0.3962
0.9842
0.5124
0.3267
0.4065
0.2971
0.7547
0.0558
0.5164
0.001
0.4512
0.5374
0.3604
0.4464
0.2731
0.3241
0.7712
0.6291
0.4148
0.6747
0.4049
0.5146
0.9253
0.9944
0.0739
0.6847
0.5338
0.1398
0.9912
0.3888
0.9617
0.2297
0.9159
0.1768
0.1208
0.3728
0.1887
0.9947
0.0448
0.1927
0.9131
0.7895
0.983
0.999
0.4269
0.5167
0.5743
0.1108
0.0566
0.985
0.9029
0.9437
0.998
0.6223
0.0305
0.3779
0.6081
0.7232
0.109
0.0416
0.3501
0.019
0.1868
0.4441
0.6303
