0.573
0.1938
0.6515
0.9609
0.7357
0.2703
0.3835
0.3667
0.8402
0.4412
0.4203
0.131
0.5125
0.2588
0.2493
0.6016
0.9124
0.318
0.3429
0.2434
0.7032
0.0118
0.3918
0.905
0.2043
0.2345
0.0878
0.5039
0.0423
0.1865
0.5588
0.185
0.3618
0.8761
0.3008
0.8571
0.5186
0.524
0.4664
0.9544
0.4039
0.5262
0.0047
0.3074
0.3368
0.432
0.2721
0.8026
0.2344
0.5187
0.2823
0.4816
0.1129
0.8944
0.9262
0.5711
0.8164
0.8326
0.5662
0.2693
0.9628
0.3488
0.3197
0.768
0.8154
0.3623
0.826
0.8659
0.6024
0.2032
0.2203
0.4297
0.9195
0.8001
0.3312
0.0472
0.5281
0.371
0.6789
0.7404
0.565
0.1981
0.1718
0.8508
0.0808
0.105
0.3204
0.2101
0.1873
0.2091
0.1796
0.5615
0.5359
0.6304
0.72
0.5273
0.6601
0.5144
0.8117
0.4531
0.7081
0.7549
0.5109
0.7
0.2862
0.499
0.4604
0.3823
0.4192
0.4029
0.3899
0.3763
0.3439
0.5764
0.5719
0.4952
0.7695
0.434
0.4705
0.7799
0.9296
0.1587
0.4599
0.5086
0.242
0.9286
0.3634
0.6331
0.2783
0.8701
0.3044
0.2676
0.5747
0.6728
0.9657
0.1237
0.3047
0.7827
0.6682
0.9322
0.9304
0.7454
0.4676
0.5566
0.2035
0.2093
0.9121
0.7851
0.783
0.9562
0.586
0.0728
0.7463
0.4965
0.6208
0.3034
0.166
0.3634
0.4199
0.3453
0.4818
0.3522
