0.81445
0.6627
0.77295
0.76085
0.8133
0.30415
0.47065
0.03285
0.94595
0.597
0.8222
0.82025
0.09225
0.1299
0.2018
0.60215
0.94825
0.4141
0.77275
0.0273
0.96375
0.33305
0.63225
0.25065
0.458
0.08435
0.0647
0.0343
0.0863
0.0496
0.653
0.0623
0.97405
0.87025
0.0722
0.93085
0.27615
0.8743
0.6614
0.93425
0.42905
0.6092
0.7981
0.505
0.07525
0.4061
0.2923
0.508
0.475
0.92585
0.23805
0.2189
0.2168
0.98535
0.85745
0.24995
0.3696
0.87075
0.7814
0.29915
0.94465
0.451
0.2455
0.9542
0.4729
0.5983
0.9497
0.98
0.6847
0.1308
0.12725
0.3959
0.53165
0.96735
0.368
0.5871
0.45975
0.436
0.8104
0.92585
0.25055
0.26985
0.0421
0.9228
0.05145
0.00675
0.18265
0.04805
0.03445
0.0806
0.02125
0.87825
0.783
0.88555
0.7392
0.1699
0.49455
0.41925
0.7127
0.5289
0.9901
0.5683
0.1508
0.20735
0.547
0.86325
0.3173
0.30865
0.3724
0.8214
0.19425
0.383
0.27955
0.619
0.1691
0.12375
0.57525
0.417
0.189
0.64955
0.99205
0.328
0.84925
0.533
0.05555
0.9919
0.77075
0.6237
0.17775
0.94995
0.12445
0.2219
0.39175
0.9661
0.8325
0.15565
0.5623
0.5976
0.9111
0.39435
0.32055
0.98175
0.465
0.60015
0.17195
0.0401
0.97465
0.97435
0.583
0.8705
0.502
0.0276
0.55005
0.21775
0.64095
0.434
0.16375
0.29495
0.517
0.0694
0.1407
0.4144
