0.82815
0.5855
0.7418
0.91345
0.76265
0.0977
0.23815
0.027
0.84835
0.38245
0.8467
0.55695
0.09095
0.347
0.28
0.5881
0.9589
0.19355
0.84545
0.0651
0.7385
0.15355
0.5591
0.51905
0.29455
0.0939
0.0841
0.038
0.0358
0.02825
0.60195
0.04555
0.9553
0.86165
0.1697
0.90305
0.2867
0.91315
0.71605
0.9009
0.327
0.4599
0.53155
0.437
0.2412
0.85495
0.23425
0.639
0.3479
0.9187
0.2108
0.2434
0.26305
0.87615
0.66365
0.1473
0.35085
0.85875
0.76055
0.259
0.99035
0.2224
0.1536
0.92505
0.563
0.376
0.9544
0.97215
0.77855
0.18345
0.151
0.574
0.6301
0.9697
0.46785
0.6609
0.489
0.3892
0.96055
0.85245
0.3818
0.14385
0.2039
0.9942
0.0814
0.0026
0.235
0.10795
0.1383
0.02905
0.0169
0.8166
0.869
0.9277
0.93275
0.013
0.8889
0.43325
0.95785
0.50185
0.97815
0.80295
0.16765
0.4161
0.74625
0.6927
0.69845
0.7573
0.3455
0.8671
0.25645
0.3326
0.2258
0.484
0.0941
0.06555
0.94635
0.313
0.21935
0.821
0.999
0.30345
0.40225
0.6536
0.15045
0.9911
0.60705
0.54
0.0618
0.9799
0.15565
0.256
0.1095
0.7528
0.96175
0.13085
0.40715
0.7598
0.9593
0.4676
0.1647
0.9893
0.7331
0.5675
0.1675
0.12925
0.98765
0.95675
0.81225
0.9007
0.34425
0.1165
0.47025
0.0733
0.63655
0.315
0.237
0.467
0.579
0.4626
0.1928
0.4832
