0.80215
0.80705
0.60305
0.872
0.8136
0.22325
0.1735
0.1064
0.873
0.67655
0.93825
0.874
0.13015
0.38055
0.19035
0.88815
0.96565
0.3432
0.77265
0.1058
0.8796
0.32095
0.8113
0.52265
0.20165
0.0207
0.1423
0.1914
0.05425
0.01775
0.3645
0.1684
0.9641
0.8921
0.10295
0.84085
0.37395
0.84525
0.5922
0.9415
0.36115
0.4653
0.336
0.72575
0.25175
0.581
0.22045
0.7088
0.539
0.93065
0.06615
0.395
0.16165
0.9134
0.65385
0.554
0.2824
0.8977
0.674
0.2083
0.9442
0.25375
0.18185
0.84165
0.4364
0.47465
0.9345
0.971
0.82185
0.1782
0.0206
0.50535
0.92275
0.9312
0.396
0.8685
0.488
0.83755
0.11985
0.7299
0.131
0.235
0.05015
0.9573
0.04855
0.0192
0.07805
0.0511
0.00145
0.029
0.03455
0.79215
0.7105
0.8959
0.77
0.13135
0.7529
0.63
0.8167
0.48
0.84
0.5595
0.21725
0.282
0.38285
0.6879
0.30625
0.52135
0.1995
0.91835
0.12165
0.35405
0.23265
0.2741
0.1638
0.211
0.5965
0.46585
0.18105
0.75535
0.99835
0.1778
0.51675
0.34645
0.1258
0.9931
0.5764
0.699
0.1387
0.9701
0.16145
0.2588
0.303
0.88305
0.92955
0.103
0.27645
0.572
0.6204
0.3192
0.2967
0.98115
0.7936
0.5465
0.287
0.15145
0.95135
0.94835
0.5515
0.94735
0.55165
0.02775
0.38395
0.12945
0.62395
0.31185
0.2196
0.4313
0.5468
0.0413
0.2133
0.68155
