0.7765
0.8918
0.80195
0.81615
0.6361
0.1696
0.432
0.10285
0.97745
0.32985
0.74725
0.91705
0.0803
0.2872
0.42075
0.901
0.9201
0.24175
0.79305
0.14495
0.715
0.463
0.8568
0.817
0.312
0.07775
0.0668
0.09405
0.3652
0.1034
0.419
0.1876
0.9705
0.8428
0.16195
0.72955
0.2388
0.8529
0.2056
0.88975
0.35245
0.5113
0.63385
0.608
0.23165
0.6585
0.12185
0.652
0.2092
0.9481
0.1647
0.48285
0.0622
0.8754
0.64605
0.341
0.7642
0.8046
0.83715
0.14645
0.99255
0.3187
0.34255
0.8083
0.47735
0.6563
0.94885
0.9823
0.8459
0.1151
0.00975
0.3562
0.559
0.9657
0.271
0.4999
0.652
0.4977
0.55135
0.71995
0.09155
0.2133
0.03385
0.9028
0.07125
0.00355
0.564
0.12175
0.0078
0.0108
0.01215
0.606
0.84815
0.87715
0.8571
0.05275
0.83335
0.5414
0.799
0.7057
0.9926
0.52235
0.15905
0.3605
0.5604
0.76855
0.333
0.3499
0.2094
0.876
0.1741
0.7004
0.1876
0.3283
0.17005
0.09835
0.76275
0.342
0.3196
0.851
0.9947
0.30835
0.27175
0.5461
0.0873
0.9815
0.5975
0.5187
0.21565
0.9719
0.12595
0.2985
0.2503
0.84365
0.9341
0.2169
0.4171
0.532
0.61945
0.548
0.28865
0.99115
0.76675
0.594
0.19855
0.1115
0.9487
0.9195
0.7824
0.87235
0.28685
0.0132
0.5005
0.32405
0.538
0.29745
0.28835
0.41185
0.32
0.19785
0.18745
0.21635
