0.9128
0.8566
0.87375
0.4541
0.7551
0.24245
0.32365
0.09535
0.877
0.57025
0.74995
0.5879
0.1249
0.32035
0.45865
0.7536
0.96955
0.30705
0.92175
0.03815
0.78195
0.22215
0.8293
0.3889
0.3977
0.1188
0.104
0.1583
0.0312
0.04825
0.6804
0.18835
0.95645
0.8944
0.0785
0.9568
0.4275
0.8904
0.641
0.83815
0.36885
0.4964
0.6693
0.5924
0.0836
0.90815
0.19985
0.63295
0.375
0.9849
0.1794
0.4023
0.2511
0.96555
0.6045
0.1317
0.4098
0.8795
0.61705
0.56435
0.9985
0.25435
0.133
0.726
0.4392
0.67165
0.9742
0.9733
0.9687
0.3339
0.0423
0.632
0.7239
0.92935
0.43405
0.73275
0.42195
0.3725
0.7409
0.9467
0.1552
0.0781
0.0693
0.96585
0.1319
0.01115
0.1712
0.08085
0.01295
0.06325
0.07195
0.69
0.847
0.8654
0.91315
0.10405
0.74705
0.6457
0.85275
0.63
0.9069
0.7844
0.2055
0.30515
0.31945
0.7836
0.1701
0.326
0.3109
0.629
0.277
0.2508
0.3395
0.3643
0.2537
0.10865
0.70515
0.52755
0.14335
0.8847
0.999
0.1723
0.54135
0.368
0.09565
0.9787
0.77595
0.8071
0.09865
0.9542
0.20745
0.2724
0.19395
0.68105
0.90345
0.1191
0.15285
0.57745
0.9567
0.55895
0.182
0.9862
0.47105
0.8236
0.27145
0.02545
0.9629
0.9758
0.65225
0.99095
0.492
0.0369
0.2481
0.0642
0.84845
0.13535
0.17715
0.561
0.4827
0.0658
0.31685
0.4774
