0.7242
0.9498
0.6784
0.85955
0.87065
0.2298
0.18995
0.01095
0.8941
0.4674
0.65
0.38365
0.04875
0.1705
0.121
0.67595
0.9098
0.42965
0.8284
0.0768
0.71175
0.1242
0.6323
0.40535
0.437
0.16495
0.0538
0.02735
0.27225
0.016
0.407
0.0692
0.92455
0.7951
0.28
0.82495
0.36545
0.6126
0.603
0.9408
0.285
0.565
0.7175
0.6607
0.14405
0.66045
0.23535
0.569
0.5129
0.95715
0.1144
0.49855
0.11385
0.9322
0.8388
0.2059
0.6179
0.977
0.77565
0.438
0.9795
0.19005
0.1846
0.9048
0.40685
0.5524
0.9904
0.9748
0.90825
0.20535
0.04
0.36075
0.655
0.96705
0.443
0.57445
0.56145
0.307
0.946
0.92315
0.4495
0.354
0.0319
0.95355
0.0309
0.01035
0.29165
0.03075
0.00655
0.03865
0.03035
0.632
0.7837
0.8793
0.7892
0.14945
0.77375
0.64805
0.90725
0.5895
0.97095
0.68305
0.10265
0.2945
0.465
0.82625
0.3704
0.33235
0.2191
0.43665
0.24485
0.3228
0.1073
0.42685
0.1447
0.10995
0.8017
0.45085
0.0915
0.749
0.99875
0.322
0.45685
0.5456
0.2078
0.9465
0.50255
0.6972
0.28765
0.9944
0.12295
0.352
0.2048
0.9351
0.9248
0.0406
0.5633
0.74195
0.6049
0.48775
0.20865
0.97545
0.67345
0.6263
0.1746
0.284
0.9854
0.94475
0.39355
0.8938
0.71885
0.0344
0.30905
0.1844
0.6203
0.1647
0.152
0.4308
0.572
0.2309
0.276
0.65485
