0.9367
0.7706
0.82505
0.90245
0.633
0.303
0.25705
0.03925
0.93725
0.39495
0.7366
0.47855
0.11545
0.31515
0.204
0.46415
0.93135
0.1966
0.89045
0.08355
0.87715
0.41035
0.6823
0.5722
0.2267
0.0956
0.14035
0.336
0.0102
0.0144
0.5884
0.44495
0.95465
0.80925
0.0618
0.8877
0.312
0.95545
0.5719
0.79355
0.5822
0.52375
0.0972
0.58165
0.1134
0.6734
0.32205
0.6447
0.50715
0.88555
0.3841
0.45815
0.03305
0.9025
0.73515
0.18055
0.58185
0.9195
0.7628
0.2486
0.99395
0.25545
0.2935
0.8277
0.44915
0.63385
0.9531
0.97435
0.83505
0.0747
0.10765
0.398
0.424
0.9784
0.3869
0.74095
0.5442
0.31935
0.5268
0.95015
0.3114
0.1768
0.0326
0.9387
0.067
0.04175
0.04435
0.14195
0.06845
0.0503
0.0251
0.6587
0.77505
0.853
0.9802
0.0474
0.7592
0.65765
0.785
0.4847
0.903
0.6213
0.08445
0.3256
0.335
0.55365
0.10415
0.4282
0.38965
0.53
0.16625
0.439
0.3701
0.566
0.3008
0.225
0.7553
0.5242
0.08765
0.805
0.98835
0.3037
0.4907
0.4121
0.0799
0.92345
0.584
0.53
0.13065
0.9871
0.1359
0.3695
0.42
0.85545
0.93695
0.0974
0.5418
0.5991
0.4469
0.54025
0.21265
0.96915
0.499
0.75075
0.12755
0.22065
0.99035
0.97535
0.4662
0.91615
0.5168
0.144
0.3827
0.12955
0.45445
0.12795
0.16885
0.3701
0.3164
0.07685
0.26205
0.442
