0.93625
0.6597
0.4058
0.8868
0.77645
0.3234
0.358
0.1313
0.9529
0.5286
0.8866
0.76065
0.0534
0.1657
0.263
0.70305
0.90375
0.23245
0.89015
0.05175
0.7379
0.17365
0.51035
0.54215
0.4555
0.0164
0.14795
0.05825
0.04075
0.0466
0.39955
0.25395
0.98925
0.8546
0.0604
0.8694
0.40445
0.7901
0.57845
0.90295
0.313
0.522
0.1857
0.67
0.26045
0.7935
0.10385
0.531
0.6075
0.91335
0.20335
0.25135
0.03515
0.9765
0.6688
0.20895
0.79585
0.83275
0.85395
0.4218
0.9828
0.1731
0.4795
0.9398
0.553
0.3911
0.974
0.9927
0.83975
0.21115
0.0168
0.545
0.426
0.9577
0.4126
0.51
0.60485
0.57575
0.602
0.75175
0.45345
0.14
0.02835
0.86065
0.04555
0.00605
0.22985
0.04905
0.0477
0.03625
0.03645
0.889
0.93645
0.89065
0.9308
0.1201
0.77905
0.5601
0.9844
0.72625
0.95765
0.6422
0.20415
0.26355
0.27125
0.7594
0.24295
0.297
0.27745
0.769
0.18495
0.43385
0.4052
0.44605
0.175
0.1679
0.8837
0.28535
0.239
0.893
0.9888
0.272
0.34435
0.54595
0.0831
0.863
0.8108
0.459
0.1821
0.98295
0.2431
0.2822
0.29945
0.87375
0.9585
0.1934
0.382
0.75315
0.86405
0.53305
0.23035
0.9933
0.8198
0.6114
0.17685
0.13585
0.90545
0.9869
0.8078
0.87165
0.52575
0.11435
0.18825
0.249
0.86315
0.1198
0.12925
0.29515
0.4086
0.04915
0.25995
0.4036
