0.8882
0.80055
0.83625
0.52
0.894
0.1681
0.2903
0.0677
0.646
0.4329
0.84675
0.77885
0.06465
0.2008
0.288
0.87705
0.92685
0.311
0.87985
0.122
0.72385
0.1077
0.57345
0.6227
0.3034
0.1192
0.14205
0.3226
0.0952
0.08115
0.64465
0.155
0.99285
0.82685
0.1993
0.80205
0.16615
0.7747
0.59165
0.90455
0.453
0.4758
0.78855
0.7436
0.1275
0.5549
0.15985
0.7323
0.333
0.9378
0.114
0.343
0.25005
0.96975
0.81785
0.35355
0.3951
0.86975
0.6743
0.539
0.9701
0.25825
0.18555
0.92475
0.60415
0.6828
0.9367
0.93455
0.8292
0.2128
0.1039
0.8649
0.54
0.8789
0.357
0.6583
0.556
0.54985
0.5877
0.8747
0.4487
0.32875
0.0683
0.85795
0.0684
0.00665
0.3778
0.1248
0.03345
0.00805
0.0413
0.83735
0.8603
0.7468
0.77975
0.23675
0.52085
0.50855
0.632
0.598
0.93015
0.28635
0.1839
0.45715
0.23075
0.552
0.2696
0.11615
0.28505
0.6715
0.24985
0.41165
0.3737
0.3578
0.27515
0.1765
0.71495
0.29565
0.17645
0.7518
0.99845
0.2963
0.2834
0.534
0.07475
0.904
0.617
0.60785
0.04355
0.97185
0.0402
0.2722
0.0904
0.96525
0.87605
0.08275
0.33275
0.53115
0.6456
0.69955
0.351
0.982
0.65605
0.65695
0.14695
0.11015
0.92865
0.8971
0.83365
0.86275
0.3321
0.24855
0.45835
0.076
0.5459
0.23
0.153
0.30455
0.3118
0.39
0.2238
0.16515
