0.80795
0.85505
0.7342
0.8932
0.77815
0.3215
0.19925
0.02875
0.88215
0.48665
0.93745
0.415
0.219
0.26925
0.30185
0.92825
0.97085
0.25605
0.87235
0.07615
0.7663
0.26505
0.89505
0.45845
0.49575
0.03615
0.04915
0.10405
0.1884
0.05365
0.3387
0.1397
0.92285
0.93215
0.0861
0.7118
0.444
0.90875
0.79815
0.825
0.474
0.6835
0.52555
0.5179
0.19535
0.84665
0.0866
0.67455
0.46525
0.8574
0.4556
0.2921
0.0745
0.9032
0.923
0.2139
0.11415
0.9318
0.585
0.41065
0.9921
0.19285
0.2295
0.9921
0.49725
0.5402
0.97915
0.99475
0.89235
0.07325
0.04385
0.507
0.8774
0.988
0.404
0.66255
0.48275
0.52405
0.68475
0.85925
0.50545
0.1496
0.0529
0.93145
0.0371
0.00435
0.4082
0.1485
0.0089
0.00575
0.06415
0.70425
0.748
0.81915
0.65905
0.12855
0.76795
0.6815
0.732
0.2568
0.94475
0.34025
0.2185
0.57905
0.41765
0.789
0.29825
0.39675
0.11795
0.77945
0.15665
0.57575
0.22655
0.19355
0.219
0.307
0.9089
0.312
0.12535
0.7215
0.99075
0.1455
0.414
0.5135
0.13315
0.986
0.7113
0.75595
0.0815
0.9659
0.2185
0.33805
0.2435
0.793
0.8555
0.13755
0.25155
0.6546
0.6072
0.57395
0.36
0.96685
0.698
0.62805
0.2614
0.0944
0.952
0.94925
0.683
0.88055
0.44805
0.037
0.26055
0.17325
0.442
0.07905
0.28435
0.532
0.2584
0.11505
0.25225
0.3548
