0.80725
0.956
0.83025
0.71555
0.8375
0.30935
0.2955
0.0499
0.8701
0.7418
0.88745
0.7229
0.0964
0.4653
0.1986
0.69215
0.98155
0.515
0.86295
0.11415
0.8835
0.3997
0.7483
0.3945
0.497
0.16135
0.04395
0.0589
0.03725
0.0665
0.63455
0.27905
0.9827
0.96235
0.16
0.9255
0.1146
0.609
0.7474
0.90005
0.3468
0.5482
0.5043
0.611
0.31
0.64525
0.15325
0.555
0.61585
0.9725
0.24315
0.4913
0.0723
0.96725
0.524
0.21045
0.52
0.84015
0.80075
0.4122
0.95835
0.1187
0.23635
0.8451
0.52975
0.43815
0.97365
0.9978
0.8094
0.14575
0.0636
0.4735
0.93035
0.92985
0.232
0.5745
0.5206
0.6682
0.8302
0.8931
0.04915
0.24325
0.0634
0.95975
0.0788
0.0231
0.48635
0.05025
0.0349
0.0391
0.07085
0.8432
0.87395
0.85185
0.86715
0.206
0.86045
0.7174
0.83085
0.68275
0.94285
0.67015
0.18765
0.28
0.3503
0.53475
0.15715
0.499
0.2663
0.6171
0.45205
0.4944
0.1647
0.56265
0.08135
0.14755
0.879
0.54805
0.1743
0.86245
0.9978
0.2645
0.4642
0.5418
0.0973
0.9421
0.6102
0.6247
0.12685
0.92635
0.05925
0.2596
0.32025
0.895
0.9593
0.06965
0.341
0.79665
0.66015
0.37755
0.0283
0.9925
0.6203
0.555
0.09605
0.2131
0.95835
0.98345
0.411
0.95425
0.544
0.0316
0.48125
0.1396
0.506
0.1363
0.19625
0.5971
0.41995
0.0494
0.3525
0.2476
