0.85745
0.86645
0.9697
0.76855
0.83885
0.18705
0.346
0.0372
0.74535
0.6713
0.82115
0.347
0.0349
0.1033
0.1844
0.6193
0.94095
0.2455
0.81335
0.1326
0.77525
0.42835
0.745
0.467
0.3873
0.10895
0.1466
0.1742
0.018
0.277
0.5716
0.2788
0.9834
0.84415
0.188
0.9568
0.5449
0.8939
0.531
0.95605
0.3744
0.45415
0.37805
0.595
0.15945
0.8411
0.11165
0.58695
0.3385
0.962
0.1099
0.2859
0.16605
0.947
0.67925
0.26375
0.31985
0.816
0.72
0.27345
0.98155
0.0868
0.29045
0.9032
0.49725
0.6472
0.98065
0.9933
0.88715
0.13525
0.10735
0.4541
0.6026
0.8744
0.4572
0.91555
0.37
0.35175
0.74915
0.91185
0.3152
0.243
0.09795
0.95235
0.02845
0.0096
0.34285
0.0794
0.01365
0.0037
0.0242
0.802
0.92735
0.93725
0.9097
0.03435
0.74595
0.40995
0.742
0.41855
0.9296
0.3356
0.37595
0.3106
0.33255
0.7631
0.2856
0.30175
0.34375
0.5096
0.202
0.505
0.32075
0.27865
0.18815
0.347
0.76245
0.29545
0.1534
0.7858
0.99795
0.20405
0.4248
0.39215
0.0951
0.815
0.61045
0.627
0.12395
0.93965
0.2801
0.302
0.1409
0.954
0.92645
0.18565
0.2874
0.707
0.4797
0.50625
0.24205
0.9585
0.5866
0.55355
0.06815
0.12045
0.85035
0.964
0.7894
0.94645
0.50355
0.13365
0.1666
0.25605
0.552
0.14395
0.1042
0.3827
0.4231
0.05335
0.19255
0.3425
