0.9558
0.7735
0.4098
0.8046
0.78835
0.24
0.29545
0.1328
0.91465
0.79585
0.8772
0.44515
0.04465
0.53925
0.2376
0.748
0.97545
0.15875
0.7618
0.0761
0.88505
0.30375
0.391
0.69085
0.27885
0.04025
0.04555
0.1405
0.0663
0.25915
0.404
0.2459
0.9213
0.9225
0.08015
0.83125
0.1759
0.6164
0.8917
0.95855
0.7294
0.3986
0.3011
0.53855
0.32725
0.9381
0.0261
0.647
0.332
0.85915
0.12645
0.1777
0.19375
0.94415
0.47315
0.2336
0.3413
0.8676
0.8684
0.60865
0.99315
0.158
0.36735
0.9671
0.3986
0.6863
0.98005
0.9622
0.9492
0.28
0.0662
0.43205
0.7707
0.83475
0.4508
0.42995
0.4178
0.4163
0.92655
0.9116
0.5433
0.1927
0.03905
0.93335
0.03725
0.01745
0.461
0.14425
0.0174
0.0768
0.0149
0.91615
0.90605
0.96245
0.923
0.25095
0.8255
0.5823
0.86435
0.6715
0.98335
0.655
0.1317
0.13535
0.29405
0.86695
0.0703
0.39835
0.23985
0.574
0.0752
0.403
0.29405
0.54345
0.1685
0.1552
0.70605
0.2338
0.15475
0.77605
0.99235
0.12955
0.714
0.48
0.0823
0.99745
0.4584
0.56665
0.25675
0.97295
0.0713
0.36225
0.13355
0.7665
0.9223
0.259
0.4155
0.735
0.8544
0.50965
0.05405
0.93655
0.7858
0.481
0.23035
0.0758
0.98545
0.9798
0.7737
0.8247
0.4334
0.0833
0.586
0.0513
0.583
0.1153
0.1103
0.6475
0.4407
0.0476
0.2016
0.333
