0.777
0.91885
0.8987
0.77645
0.724
0.3519
0.1522
0.1902
0.905
0.72615
0.689
0.5416
0.033
0.10555
0.331
0.749
0.88485
0.497
0.90615
0.0943
0.86565
0.31555
0.94275
0.5071
0.379
0.15995
0.09145
0.11075
0.09775
0.06765
0.361
0.338
0.9912
0.76605
0.335
0.9127
0.4798
0.76915
0.7006
0.9543
0.382
0.39355
0.4485
0.619
0.1723
0.59165
0.0998
0.6337
0.50855
0.9776
0.2854
0.2133
0.08705
0.98995
0.92835
0.319
0.5947
0.7562
0.66695
0.475
0.99365
0.3297
0.16935
0.98915
0.2444
0.47105
0.96055
0.96635
0.914
0.10115
0.05035
0.43555
0.8598
0.9343
0.577
0.7247
0.6687
0.4983
0.8176
0.7064
0.4282
0.136
0.0936
0.8525
0.0362
0.00325
0.31835
0.08755
0.01105
0.04685
0.05145
0.7388
0.64515
0.86175
0.88655
0.1563
0.7685
0.56475
0.8749
0.51
0.9643
0.6798
0.2739
0.3586
0.2374
0.77485
0.09365
0.34435
0.2716
0.73785
0.19345
0.37145
0.5463
0.501
0.1597
0.26645
0.6999
0.41995
0.173
0.8389
0.99855
0.30725
0.52835
0.5142
0.09105
0.98945
0.622
0.43465
0.10625
0.96345
0.09995
0.33135
0.1782
0.9618
0.9596
0.1506
0.2728
0.6093
0.66565
0.64655
0.39655
0.9425
0.6665
0.6896
0.1392
0.1944
0.98465
0.9879
0.5531
0.93805
0.518
0.1044
0.7869
0.0814
0.5294
0.11715
0.31955
0.25125
0.26605
0.35085
0.1186
0.311
