0.81755
0.8993
0.7345
0.696
0.593
0.17555
0.26415
0.0623
0.82375
0.53275
0.9152
0.4306
0.1008
0.423
0.2128
0.80835
0.89495
0.411
0.85055
0.0192
0.8683
0.5331
0.7473
0.5159
0.3111
0.1123
0.14025
0.1171
0.0059
0.16495
0.44
0.07095
0.99255
0.96445
0.0808
0.94225
0.3986
0.93245
0.79315
0.84365
0.46585
0.434
0.33295
0.49285
0.12905
0.40985
0.2562
0.4956
0.67475
0.9495
0.35365
0.0525
0.1563
0.86825
0.73875
0.28955
0.4487
0.86805
0.7006
0.3882
0.9597
0.4798
0.2098
0.84635
0.5227
0.62565
0.95855
0.97325
0.95025
0.27635
0.02255
0.5295
0.6455
0.93865
0.3876
0.84735
0.38795
0.58115
0.6165
0.95785
0.1443
0.35465
0.10635
0.9204
0.1206
0.01825
0.4603
0.1307
0.02355
0.0098
0.0183
0.76275
0.93315
0.92865
0.7379
0.153
0.85505
0.667
0.77365
0.54775
0.9721
0.599
0.13265
0.423
0.3689
0.93295
0.3082
0.5778
0.2099
0.7809
0.2148
0.264
0.212
0.5303
0.12445
0.18335
0.6089
0.3795
0.2072
0.7911
0.999
0.19665
0.61035
0.5612
0.0159
0.98325
0.6579
0.67895
0.10675
0.9532
0.02395
0.412
0.05395
0.9189
0.8667
0.13055
0.17215
0.4439
0.7315
0.61995
0.3965
0.98965
0.586
0.568
0.1266
0.0355
0.92145
0.9887
0.6369
0.9575
0.47125
0.02435
0.35005
0.1662
0.26645
0.075
0.23345
0.24455
0.3951
0.0671
0.4235
0.526
