0.80585
0.71785
0.683
0.7674
0.679
0.315
0.6576
0.2306
0.6627
0.50285
0.8786
0.445
0.0174
0.16795
0.3372
0.74745
0.99425
0.34635
0.8687
0.12975
0.69175
0.0689
0.5117
0.516
0.5636
0.0386
0.31105
0.15245
0.0953
0.0757
0.4526
0.07795
0.95775
0.8577
0.15015
0.86505
0.421
0.8736
0.63795
0.95185
0.3998
0.4942
0.4864
0.6009
0.31925
0.5273
0.2522
0.6588
0.433
0.9771
0.097
0.351
0.24085
0.7492
0.4594
0.18345
0.79165
0.9024
0.626
0.54405
0.99295
0.22905
0.1221
0.8273
0.464
0.49655
0.98695
0.96745
0.884
0.2867
0.02785
0.511
0.58105
0.9931
0.26525
0.5976
0.3841
0.45295
0.3826
0.7618
0.11325
0.1733
0.0448
0.9424
0.1028
0.01915
0.4451
0.202
0.01595
0.0036
0.0379
0.6682
0.709
0.94905
0.93935
0.1203
0.605
0.6624
0.73705
0.65005
0.9798
0.73285
0.1973
0.3196
0.391
0.76685
0.20665
0.437
0.3707
0.8097
0.26835
0.2769
0.542
0.3472
0.1882
0.1408
0.751
0.4117
0.252
0.8885
0.9971
0.35785
0.4125
0.5124
0.09645
0.9421
0.436
0.7348
0.0992
0.9865
0.0792
0.276
0.27245
0.9007
0.9424
0.1436
0.509
0.56545
0.7868
0.51965
0.15105
0.9813
0.753
0.8138
0.1905
0.1751
0.9776
0.9657
0.6044
0.89415
0.6169
0.1697
0.2191
0.083
0.44605
0.433
0.29405
0.2988
0.618
0.0903
0.0819
0.50825
