0.92895
0.80835
0.99155
0.7354
0.7109
0.276
0.364
0.02685
0.8607
0.6274
0.8921
0.492
0.12525
0.39935
0.327
0.7712
0.9526
0.2104
0.92215
0.04035
0.7485
0.10665
0.7505
0.556
0.454
0.08415
0.08005
0.17145
0.20025
0.01175
0.7945
0.08525
0.88095
0.744
0.2071
0.90795
0.15
0.68265
0.4897
0.93235
0.30015
0.50645
0.74575
0.5325
0.14695
0.8364
0.481
0.7702
0.424
0.9763
0.1575
0.29225
0.19545
0.96955
0.7605
0.16875
0.24855
0.78885
0.7153
0.23575
0.99735
0.22915
0.3148
0.89565
0.4485
0.75875
0.98015
0.9922
0.90305
0.23635
0.02225
0.427
0.67415
0.9429
0.34
0.544
0.57605
0.6508
0.6056
0.8715
0.4337
0.2667
0.04295
0.8977
0.04145
0.01025
0.576
0.0545
0.06675
0.03035
0.0238
0.8024
0.76105
0.85265
0.9402
0.1528
0.8199
0.59125
0.8341
0.5001
0.9669
0.78665
0.24885
0.23755
0.418
0.822
0.0763
0.4416
0.24325
0.9591
0.19
0.42325
0.25985
0.417
0.0543
0.33375
0.7221
0.3078
0.1279
0.9574
0.9979
0.1459
0.4909
0.23475
0.0238
0.9911
0.56545
0.6981
0.19425
0.93715
0.06355
0.26955
0.21815
0.8995
0.9599
0.13035
0.43465
0.6491
0.76905
0.348
0.25975
0.9504
0.60645
0.73805
0.1564
0.10915
0.98755
0.9648
0.66275
0.93945
0.7526
0.03135
0.32355
0.3418
0.5779
0.16775
0.1441
0.2811
0.4134
0.07245
0.20505
0.13055
