0.84215
0.8974
0.89385
0.9114
0.7672
0.268
0.444
0.01575
0.83685
0.53045
0.83355
0.48905
0.17065
0.2993
0.261
0.7457
0.9483
0.30925
0.88835
0.06875
0.71715
0.0732
0.52315
0.54995
0.26485
0.0514
0.0471
0.0706
0.04925
0.0516
0.44565
0.1901
0.9402
0.73595
0.0547
0.739
0.4804
0.9287
0.55705
0.96555
0.4999
0.55735
0.67185
0.27195
0.12365
0.4646
0.12185
0.559
0.50185
0.99335
0.2002
0.68375
0.27405
0.661
0.788
0.19615
0.4602
0.85455
0.796
0.3467
0.96045
0.463
0.3386
0.9291
0.57125
0.55065
0.9733
0.9374
0.856
0.2322
0.0241
0.39145
0.41615
0.8762
0.368
0.6741
0.3485
0.58675
0.73085
0.91195
0.4078
0.15015
0.1371
0.9646
0.0699
0.01785
0.29195
0.1068
0.0622
0.05625
0.01275
0.6478
0.80475
0.92085
0.93165
0.20965
0.83325
0.44155
0.87415
0.63145
0.9798
0.53355
0.2407
0.4658
0.30835
0.728
0.3539
0.31885
0.0846
0.651
0.1707
0.4245
0.224
0.30625
0.18715
0.0854
0.781
0.3734
0.20965
0.84825
0.9925
0.298
0.4315
0.3974
0.0828
0.92775
0.9082
0.41265
0.1578
0.955
0.1702
0.371
0.1338
0.8312
0.83535
0.14175
0.59605
0.5509
0.75265
0.54525
0.18625
0.9282
0.69015
0.75875
0.29435
0.1282
0.9623
0.94315
0.78795
0.83915
0.45565
0.0778
0.19385
0.2001
0.75245
0.25535
0.29585
0.51375
0.4539
0.0244
0.1128
0.46455
