0.8197
0.83455
0.95035
0.65275
0.8216
0.0855
0.3691
0.07715
0.793
0.672
0.8808
0.5703
0.052
0.339
0.09795
0.77715
0.8914
0.4098
0.94425
0.1554
0.6689
0.45785
0.80415
0.40845
0.4517
0.0513
0.1221
0.19085
0.20825
0.0254
0.42445
0.09145
0.9048
0.9137
0.28425
0.5838
0.3488
0.6282
0.4683
0.93325
0.35605
0.44125
0.535
0.5558
0.1067
0.7666
0.2775
0.81835
0.51265
0.952
0.13565
0.4177
0.1219
0.89895
0.5446
0.2609
0.5062
0.8881
0.7372
0.4833
0.958
0.3603
0.41115
0.92915
0.507
0.4372
0.97005
0.9206
0.9263
0.1179
0.04765
0.52495
0.535
0.9067
0.294
0.7759
0.44855
0.62625
0.6369
0.95685
0.3864
0.26035
0.14745
0.9027
0.07515
0.00565
0.38005
0.11665
0.03575
0.0278
0.07515
0.9278
0.79835
0.803
0.93855
0.06695
0.9127
0.59655
0.9494
0.53305
0.96235
0.675
0.1433
0.44915
0.2768
0.4871
0.2054
0.3922
0.399
0.85055
0.15545
0.50985
0.2628
0.43805
0.10175
0.09465
0.6232
0.5277
0.2387
0.8315
0.9964
0.16135
0.5377
0.6796
0.06215
0.84215
0.62135
0.7333
0.09775
0.9831
0.2294
0.295
0.22245
0.89835
0.8987
0.0473
0.41015
0.67285
0.68575
0.39835
0.21755
0.861
0.6345
0.65345
0.137
0.18255
0.95245
0.96255
0.5472
0.97215
0.3267
0.03155
0.6717
0.04555
0.43
0.30905
0.2411
0.39745
0.4174
0.07785
0.1179
0.5618
