0.8278
0.7323
0.91475
0.7826
0.8576
0.2517
0.422
0.0741
0.6762
0.5632
0.741
0.58
0.06845
0.10995
0.2453
0.74875
0.96005
0.2304
0.8859
0.12295
0.7454
0.3114
0.4951
0.575
0.64855
0.15145
0.09615
0.0382
0.1414
0.08175
0.49295
0.0374
0.96175
0.7766
0.1169
0.7585
0.30065
0.9707
0.6669
0.872
0.50435
0.5752
0.8575
0.3414
0.1797
0.6494
0.39395
0.67075
0.24575
0.9715
0.2656
0.25395
0.17555
0.88375
0.751
0.48875
0.4707
0.83095
0.9421
0.3309
0.98165
0.1526
0.1118
0.86895
0.57
0.6316
0.9388
0.98665
0.9728
0.0586
0.06485
0.4455
0.499
0.8957
0.43775
0.6911
0.47945
0.41875
0.77795
0.85005
0.34315
0.13015
0.07285
0.96335
0.0506
0.00915
0.6601
0.2278
0.00925
0.0829
0.0229
0.75525
0.80955
0.83615
0.5911
0.3197
0.9221
0.464
0.89145
0.59185
0.9422
0.5772
0.3185
0.3684
0.32045
0.7251
0.2909
0.451
0.2441
0.8362
0.1548
0.448
0.22825
0.17485
0.1362
0.21245
0.71415
0.41825
0.17125
0.94365
0.99835
0.2756
0.453
0.463
0.0399
0.98845
0.6238
0.74975
0.25625
0.95575
0.10025
0.2369
0.1645
0.8372
0.8557
0.223
0.522
0.52295
0.8041
0.56025
0.15955
0.9636
0.6273
0.648
0.16875
0.01975
0.9782
0.98535
0.55485
0.8094
0.45435
0.1006
0.632
0.26955
0.80595
0.27445
0.16525
0.2789
0.5103
0.03815
0.19565
0.2777
