0.5821
0.82295
0.88985
0.63855
0.92535
0.295
0.3688
0.02905
0.7938
0.696
0.8814
0.62205
0.10615
0.34565
0.2205
0.74535
0.9683
0.2745
0.90225
0.09405
0.8523
0.0218
0.4924
0.35335
0.3131
0.25945
0.09955
0.2379
0.148
0.10745
0.51275
0.17905
0.99695
0.855
0.0466
0.71825
0.3387
0.94655
0.61445
0.95675
0.4381
0.49405
0.435
0.70125
0.2813
0.442
0.13015
0.59
0.3352
0.93855
0.2243
0.3921
0.1489
0.92305
0.82935
0.3832
0.1674
0.8357
0.6639
0.6663
0.9846
0.2494
0.16225
0.79205
0.0947
0.08565
0.9441
0.96835
0.818
0.1289
0.02075
0.52685
0.4633
0.92755
0.62975
0.70145
0.5138
0.4025
0.7434
0.9282
0.4579
0.27105
0.08615
0.955
0.0814
0.00565
0.28765
0.245
0.01105
0.04885
0.01835
0.83055
0.7397
0.92425
0.89485
0.264
0.7191
0.50385
0.82805
0.4967
0.9672
0.36525
0.20825
0.62035
0.491
0.75915
0.1112
0.64225
0.27575
0.68905
0.22005
0.33305
0.2661
0.5797
0.362
0.26265
0.5776
0.23705
0.2545
0.77355
0.9975
0.297
0.47105
0.4892
0.13705
0.9759
0.74195
0.541
0.1135
0.97615
0.2352
0.14385
0.2021
0.7519
0.95495
0.1495
0.41985
0.7554
0.82735
0.65405
0.2368
0.9802
0.58785
0.9289
0.146
0.11955
0.97835
0.96585
0.6165
0.9202
0.6937
0.12775
0.48
0.2209
0.53205
0.1121
0.12465
0.33675
0.4246
0.04215
0.18205
0.3602
