0.79715
0.82345
0.78775
0.9159
0.8107
0.10595
0.443
0.052
0.6664
0.4281
0.8396
0.52
0.1547
0.16155
0.25805
0.7518
0.9611
0.54215
0.92035
0.0529
0.85315
0.6746
0.88115
0.85105
0.55265
0.07465
0.1231
0.02725
0.1895
0.0192
0.34805
0.0687
0.98165
0.77935
0.07175
0.954
0.483
0.62495
0.70825
0.82335
0.233
0.27565
0.33255
0.582
0.1409
0.7485
0.16435
0.4658
0.51
0.97745
0.593
0.427
0.1932
0.9512
0.8548
0.34665
0.36615
0.8869
0.8304
0.40405
0.9908
0.26465
0.3689
0.96105
0.7534
0.19825
0.9449
0.98775
0.84905
0.1583
0.0204
0.46615
0.87015
0.9093
0.4426
0.5014
0.35405
0.495
0.91825
0.8454
0.0576
0.2594
0.04575
0.96265
0.02125
0.001
0.5515
0.06385
0.0175
0.01345
0.0395
0.79955
0.94605
0.94355
0.99515
0.1711
0.7372
0.63985
0.8055
0.83395
0.94745
0.688
0.111
0.17385
0.48085
0.74715
0.47
0.51645
0.2125
0.755
0.2411
0.43345
0.3085
0.38535
0.2281
0.2599
0.70755
0.516
0.43115
0.90985
0.99885
0.2308
0.3989
0.657
0.0721
0.97615
0.65285
0.7266
0.1317
0.9711
0.183
0.16085
0.1353
0.5837
0.9619
0.13195
0.415
0.507
0.71255
0.4008
0.13845
0.9965
0.86455
0.64135
0.12885
0.00425
0.98
0.94835
0.67755
0.93995
0.72305
0.1762
0.571
0.332
0.40555
0.26885
0.1933
0.46995
0.25355
0.21655
0.03275
0.62255
