0.92655
0.8908
0.64535
0.72105
0.5898
0.28
0.2725
0.18015
0.93885
0.2815
0.9112
0.935
0.1045
0.4862
0.2089
0.7522
0.98735
0.3111
0.9136
0.1387
0.7939
0.0902
0.53695
0.6158
0.1361
0.17235
0.29785
0.09875
0.116
0.0408
0.50175
0.15915
0.98905
0.89015
0.0879
0.96465
0.1466
0.59425
0.5545
0.90125
0.41265
0.47155
0.35785
0.6238
0.29815
0.62715
0.3678
0.2731
0.346
0.9481
0.076
0.3373
0.28485
0.749
0.7913
0.3596
0.628
0.8763
0.81315
0.4537
0.9902
0.21115
0.22015
0.9163
0.1618
0.21205
0.9712
0.97235
0.88045
0.323
0.02445
0.512
0.8186
0.82035
0.308
0.544
0.25805
0.43
0.6556
0.8666
0.2854
0.17025
0.03445
0.8682
0.0445
0.0078
0.3025
0.0465
0.02665
0.0275
0.0244
0.6656
0.725
0.8501
0.9545
0.08965
0.75695
0.45635
0.6922
0.6496
0.97145
0.47055
0.09275
0.3454
0.31505
0.87585
0.1188
0.3242
0.26035
0.608
0.17465
0.4996
0.41845
0.32365
0.08215
0.1182
0.88585
0.4576
0.32085
0.8456
0.99845
0.62075
0.30435
0.72355
0.07135
0.92255
0.79175
0.6812
0.07175
0.9658
0.0806
0.34825
0.2395
0.90095
0.9426
0.04085
0.38075
0.66375
0.4563
0.1744
0.16825
0.99805
0.72115
0.6684
0.2332
0.08015
0.9329
0.9836
0.519
0.81105
0.33275
0.16105
0.39795
0.18655
0.451
0.103
0.2693
0.23715
0.487
0.07355
0.2949
0.408
