0.93025
0.75165
0.625
0.7505
0.67945
0.4276
0.298
0.02245
0.8057
0.44305
0.80835
0.52565
0.0965
0.21375
0.2779
0.6
0.99345
0.3671
0.91945
0.0677
0.91565
0.18905
0.4598
0.559
0.4527
0.0825
0.13635
0.124
0.05125
0.0435
0.6546
0.06075
0.82835
0.79495
0.04465
0.93475
0.3644
0.90525
0.545
0.9047
0.438
0.74575
0.5989
0.52275
0.2162
0.8632
0.1953
0.48695
0.559
0.952
0.2092
0.41435
0.0693
0.7934
0.7544
0.2071
0.09845
0.7944
0.8042
0.09875
0.99635
0.49
0.1319
0.9367
0.82955
0.70785
0.98985
0.98055
0.85675
0.15775
0.04685
0.42765
0.43115
0.97075
0.34875
0.4253
0.63385
0.40305
0.554
0.8051
0.51815
0.17415
0.0487
0.9799
0.06575
0.01035
0.7084
0.1725
0.1593
0.0085
0.0211
0.77135
0.65755
0.9545
0.99175
0.08065
0.6119
0.55
0.86475
0.49565
0.95705
0.68605
0.1594
0.32975
0.24835
0.45555
0.2082
0.53115
0.23855
0.769
0.1627
0.31535
0.27575
0.32245
0.3197
0.12495
0.69265
0.3838
0.18125
0.8108
0.9988
0.3613
0.28
0.57095
0.09785
0.9768
0.45
0.648
0.1916
0.9739
0.10525
0.257
0.1436
0.72465
0.96275
0.166
0.346
0.75075
0.6225
0.61285
0.0815
0.99645
0.78705
0.7929
0.26255
0.07415
0.98235
0.93425
0.59615
0.923
0.759
0.08665
0.24545
0.2781
0.2666
0.0973
0.21995
0.35455
0.55395
0.08515
0.094
0.6554
