0.6941
0.9096
0.7599
0.4851
0.854
0.1656
0.2766
0.0345
0.8604
0.711
0.54845
0.541
0.08085
0.28355
0.2322
0.5594
0.97515
0.26405
0.8296
0.05845
0.9173
0.66665
0.6834
0.562
0.52775
0.0862
0.0542
0.1851
0.316
0.08445
0.52445
0.1399
0.96185
0.86095
0.0928
0.81395
0.414
0.74385
0.468
0.8778
0.41555
0.52885
0.5746
0.509
0.2967
0.6106
0.0657
0.57435
0.30325
0.82775
0.13755
0.4055
0.25795
0.90095
0.25775
0.53925
0.3684
0.71775
0.7616
0.57
0.997
0.1664
0.37645
0.90795
0.58
0.313
0.99345
0.9891
0.95565
0.12025
0.05595
0.69745
0.80465
0.96395
0.5081
0.6867
0.6229
0.3725
0.668
0.6279
0.6319
0.39205
0.10255
0.8816
0.0527
0.06245
0.41015
0.292
0.0088
0.04215
0.04505
0.8193
0.8325
0.851
0.98555
0.1681
0.87925
0.4285
0.9298
0.6829
0.9426
0.66115
0.23345
0.499
0.27725
0.6308
0.29005
0.33575
0.27565
0.742
0.1462
0.5562
0.30135
0.42595
0.18025
0.1317
0.573
0.25205
0.21
0.792
0.9877
0.41015
0.115
0.38945
0.0469
0.99565
0.7044
0.66745
0.1877
0.9483
0.09565
0.2963
0.28315
0.93655
0.9321
0.156
0.20365
0.4269
0.6625
0.37795
0.31315
0.95135
0.53315
0.45645
0.09715
0.0283
0.9302
0.89185
0.80425
0.9201
0.4737
0.1309
0.514
0.182
0.74505
0.3528
0.06815
0.48375
0.7077
0.14975
0.20225
0.316
