0.91705
0.8185
0.8729
0.8605
0.82725
0.06915
0.374
0.0514
0.679
0.66395
0.95365
0.63555
0.04745
0.1856
0.272
0.78985
0.97425
0.36595
0.90965
0.0386
0.6547
0.06495
0.538
0.29245
0.39085
0.0658
0.0468
0.10775
0.1025
0.0424
0.3219
0.18975
0.9582
0.77555
0.05785
0.95035
0.429
0.9053
0.8728
0.83845
0.4727
0.41455
0.26265
0.6979
0.0993
0.7767
0.13995
0.40015
0.72645
0.9657
0.3171
0.25295
0.06745
0.9358
0.6426
0.1184
0.2945
0.8235
0.8035
0.37215
0.97925
0.20925
0.16225
0.8497
0.51455
0.4496
0.95645
0.99155
0.84945
0.2034
0.02185
0.31735
0.3308
0.96605
0.413
0.7887
0.63375
0.585
0.6629
0.6783
0.12835
0.2481
0.0855
0.8151
0.02985
0.0047
0.489
0.2862
0.00205
0.01915
0.0175
0.681
0.8459
0.92345
0.8355
0.2315
0.7572
0.4512
0.79515
0.6253
0.9001
0.68615
0.1126
0.3015
0.398
0.7774
0.17
0.4184
0.27565
0.84365
0.17195
0.408
0.14455
0.39945
0.41425
0.11405
0.6797
0.3713
0.1086
0.793
0.99885
0.10185
0.5236
0.6023
0.1629
0.85605
0.72285
0.81675
0.092
0.9752
0.124
0.21405
0.294
0.7722
0.9649
0.2316
0.4329
0.503
0.89195
0.22215
0.36325
0.99575
0.66185
0.6933
0.23615
0.1122
0.97225
0.97785
0.42735
0.907
0.721
0.1218
0.4674
0.16035
0.5149
0.35255
0.0994
0.29565
0.2417
0.0506
0.29085
0.22865
