0.86735
0.84835
0.8166
0.493
0.79195
0.0463
0.38335
0.18835
0.88405
0.6796
0.83315
0.6969
0.13795
0.2105
0.1166
0.8437
0.88525
0.3075
0.9655
0.0441
0.78455
0.464
0.385
0.56655
0.5598
0.1445
0.0464
0.11985
0.17985
0.1171
0.424
0.0779
0.9544
0.9513
0.05855
0.92055
0.2113
0.96785
0.97555
0.792
0.382
0.2649
0.7824
0.26385
0.1917
0.6836
0.425
0.617
0.455
0.8384
0.32535
0.5741
0.06705
0.80875
0.70755
0.2097
0.2934
0.87835
0.90405
0.39945
0.98585
0.18215
0.2515
0.77225
0.78825
0.48075
0.961
0.94115
0.9673
0.1797
0.0264
0.3972
0.5062
0.98615
0.81355
0.56875
0.62875
0.5924
0.73485
0.9792
0.43685
0.31365
0.10765
0.9623
0.08565
0.00495
0.27535
0.105
0.00865
0.02755
0.04335
0.79925
0.73845
0.83745
0.85605
0.16065
0.7293
0.6744
0.83245
0.47575
0.9627
0.59095
0.1137
0.2173
0.41395
0.451
0.1939
0.4731
0.3033
0.67765
0.14955
0.41935
0.24165
0.3228
0.16035
0.0947
0.6249
0.39835
0.21865
0.82315
0.98295
0.2359
0.2677
0.53405
0.0898
0.90085
0.81835
0.69305
0.1151
0.96975
0.16235
0.27365
0.20225
0.87015
0.9849
0.17
0.38655
0.527
0.541
0.505
0.27
0.9688
0.56425
0.3875
0.14035
0.1839
0.9921
0.9554
0.6206
0.9772
0.3786
0.16785
0.44235
0.3727
0.6772
0.18535
0.1125
0.3917
0.52965
0.15745
0.1228
0.1385
