0.89275
0.85415
0.94205
0.91895
0.8626
0.293
0.19855
0.13695
0.6094
0.6738
0.8812
0.46745
0.13195
0.2417
0.23705
0.8124
0.9806
0.25895
0.8654
0.12445
0.6994
0.52625
0.80045
0.479
0.37425
0.1103
0.092
0.0907
0.10235
0.0417
0.56565
0.264
0.99295
0.78025
0.291
0.662
0.3342
0.6
0.389
0.9814
0.3665
0.58515
0.598
0.42485
0.1923
0.62155
0.0774
0.636
0.597
0.91955
0.1983
0.459
0.03875
0.93405
0.793
0.38625
0.25485
0.8172
0.70575
0.512
0.9712
0.16925
0.23975
0.90535
0.39335
0.472
0.97715
0.96415
0.9462
0.1996
0.04695
0.6127
0.62675
0.97735
0.12815
0.45115
0.29445
0.5083
0.83895
0.943
0.43185
0.1925
0.08565
0.9972
0.0199
0.0101
0.20755
0.1848
0.0224
0.05215
0.01345
0.6181
0.78795
0.9429
0.95745
0.1566
0.7914
0.5698
0.86995
0.51385
0.9951
0.8012
0.207
0.411
0.4015
0.8167
0.1408
0.2169
0.389
0.436
0.1328
0.614
0.3669
0.37795
0.10735
0.1087
0.83565
0.44865
0.03425
0.844
0.98895
0.35485
0.65295
0.537
0.0812
0.9906
0.492
0.64835
0.1485
0.9661
0.0647
0.22465
0.2914
0.6912
0.9165
0.2777
0.40905
0.6453
0.67945
0.562
0.0444
0.9882
0.57645
0.381
0.1398
0.10085
0.96285
0.845
0.5263
0.9636
0.55645
0.1961
0.25545
0.25015
0.6545
0.102
0.10775
0.2966
0.57265
0.0934
0.0648
0.4354
