0.87945
0.83815
0.80695
0.73545
0.8031
0.07935
0.3225
0.11485
0.574
0.53165
0.69585
0.79685
0.14455
0.2871
0.2849
0.61715
0.97275
0.2045
0.8846
0.11545
0.92455
0.1111
0.302
0.7513
0.3965
0.1858
0.04145
0.16765
0.1538
0.24085
0.4096
0.22595
0.92815
0.92455
0.1877
0.92345
0.31885
0.64195
0.476
0.76615
0.6061
0.64745
0.69475
0.618
0.39
0.8032
0.13725
0.623
0.30965
0.885
0.1944
0.2923
0.06505
0.83845
0.69305
0.08705
0.3259
0.85785
0.8503
0.4486
0.97445
0.439
0.28095
0.667
0.23405
0.527
0.9901
0.9743
0.87205
0.228
0.12025
0.79945
0.51485
0.9866
0.1872
0.657
0.67675
0.359
0.56805
0.9052
0.46165
0.2023
0.04535
0.81665
0.0735
0.02005
0.26525
0.04965
0.01915
0.1053
0.0264
0.8453
0.6825
0.84325
0.9458
0.2355
0.7251
0.509
0.7465
0.6762
0.962
0.647
0.2043
0.2937
0.4895
0.77835
0.28585
0.29015
0.412
0.6562
0.2851
0.418
0.17145
0.44135
0.1658
0.0534
0.91415
0.48775
0.19105
0.9366
0.9979
0.08545
0.3352
0.67065
0.0634
0.9343
0.6466
0.7902
0.22495
0.96625
0.0547
0.287
0.0328
0.8859
0.97675
0.18875
0.307
0.38635
0.67235
0.46765
0.0439
0.97115
0.5398
0.4532
0.2591
0.11055
0.9308
0.9784
0.65
0.903
0.508
0.0682
0.5027
0.231
0.60175
0.19625
0.37445
0.15875
0.3539
0.4618
0.33965
0.3835
