0.88975
0.589
0.4604
0.7135
0.8215
0.1482
0.463
0.0523
0.9373
0.32765
0.91755
0.63145
0.1082
0.4132
0.37145
0.70635
0.91915
0.305
0.8956
0.0597
0.7958
0.1349
0.319
0.51825
0.4556
0.06525
0.1058
0.0472
0.07875
0.0426
0.35315
0.0931
0.9882
0.8384
0.0714
0.9043
0.366
0.8785
0.81855
0.867
0.32125
0.52
0.548
0.69735
0.2026
0.62505
0.2442
0.61835
0.52825
0.90115
0.18695
0.33575
0.0818
0.8215
0.84585
0.37025
0.28875
0.77625
0.80625
0.2758
0.9918
0.2362
0.32565
0.9335
0.33045
0.70515
0.968
0.9789
0.93645
0.1357
0.20915
0.38
0.6358
0.96325
0.39325
0.661
0.50645
0.479
0.60655
0.8986
0.5104
0.2206
0.121
0.9715
0.0407
0.00375
0.2696
0.1042
0.003
0.14605
0.1363
0.84045
0.71
0.8124
0.96415
0.0486
0.65925
0.6347
0.77335
0.61135
0.96715
0.4995
0.234
0.3038
0.54795
0.7374
0.07945
0.5638
0.234
0.7718
0.10185
0.4339
0.17565
0.3492
0.35085
0.14395
0.83505
0.4098
0.1587
0.84515
0.99715
0.402
0.379
0.7331
0.06225
0.95075
0.6301
0.7083
0.18975
0.8865
0.12705
0.13045
0.22845
0.85925
0.843
0.17245
0.367
0.528
0.614
0.46
0.0592
0.89975
0.73055
0.4896
0.14755
0.0222
0.95075
0.89745
0.5414
0.9736
0.342
0.046
0.3673
0.408
0.452
0.16825
0.29975
0.2742
0.4236
0.07715
0.1204
0.45595
