0.8424
0.8278
0.8201
0.89015
0.7402
0.1468
0.311
0.0802
0.8604
0.70745
0.96635
0.408
0.13815
0.3177
0.1583
0.8883
0.9575
0.20515
0.92225
0.0767
0.8682
0.59225
0.61025
0.4339
0.50065
0.168
0.0814
0.21215
0.2045
0.1421
0.5761
0.0174
0.98365
0.82715
0.06705
0.9135
0.49825
0.3657
0.54
0.85715
0.44825
0.32
0.5719
0.5093
0.09725
0.6102
0.05715
0.593
0.26995
0.9188
0.2291
0.11375
0.17645
0.88175
0.82035
0.2237
0.5259
0.7167
0.6977
0.17675
0.99405
0.3698
0.12735
0.9007
0.58595
0.521
0.95125
0.9789
0.9382
0.08185
0.0901
0.4592
0.75445
0.9755
0.36305
0.62685
0.3005
0.5526
0.6189
0.666
0.17075
0.103
0.0755
0.92245
0.0723
0.0019
0.17655
0.0268
0.01155
0.1344
0.0585
0.56535
0.71
0.9846
0.9496
0.1231
0.87835
0.5529
0.76245
0.613
0.90605
0.60955
0.20685
0.17115
0.16745
0.45215
0.171
0.589
0.23585
0.644
0.25325
0.3038
0.26365
0.722
0.35305
0.1836
0.7154
0.355
0.22705
0.8931
0.999
0.2643
0.47015
0.55155
0.07935
0.9731
0.7511
0.645
0.11035
0.9769
0.0996
0.36305
0.1553
0.939
0.9119
0.17615
0.24885
0.7569
0.472
0.632
0.08815
0.98035
0.5585
0.80275
0.16545
0.2271
0.9828
0.93655
0.57605
0.90485
0.7782
0.0435
0.58755
0.09925
0.6099
0.17835
0.26865
0.5465
0.3198
0.311
0.2274
0.2888
