0.8926
0.9079
0.804
0.65765
0.6531
0.34215
0.0314
0.0789
0.8686
0.588
0.83925
0.64975
0.30055
0.2324
0.30155
0.73725
0.90595
0.6266
0.91275
0.0351
0.91235
0.3466
0.61185
0.36945
0.318
0.0664
0.26315
0.03135
0.19
0.20545
0.5187
0.45375
0.9357
0.82275
0.36
0.81095
0.39645
0.93125
0.62225
0.9075
0.51125
0.3243
0.44885
0.632
0.2287
0.75885
0.45005
0.6156
0.32045
0.93745
0.20455
0.45825
0.10835
0.93015
0.6367
0.3824
0.26405
0.81515
0.797
0.49415
0.94435
0.39725
0.1455
0.83465
0.2697
0.41875
0.9902
0.97805
0.9143
0.4075
0.0693
0.7192
0.591
0.92195
0.347
0.5946
0.55985
0.634
0.57225
0.82905
0.1185
0.302
0.2056
0.9645
0.01285
0.025
0.63805
0.1026
0.0229
0.02925
0.0141
0.7615
0.869
0.8039
0.94565
0.1586
0.8247
0.4534
0.8206
0.676
0.86735
0.6422
0.07085
0.3813
0.36915
0.575
0.2605
0.4964
0.18275
0.7876
0.12865
0.528
0.412
0.3146
0.25545
0.11305
0.87465
0.464
0.17175
0.8583
0.999
0.3021
0.2497
0.74845
0.09825
0.98525
0.4232
0.31725
0.2586
0.964
0.15655
0.269
0.2938
0.83605
0.95715
0.1287
0.37625
0.555
0.58845
0.522
0.115
0.9961
0.8014
0.50635
0.1213
0.16765
0.93645
0.91145
0.5321
0.92125
0.47365
0.03415
0.49555
0.1045
0.70745
0.05505
0.2582
0.26565
0.5344
0.0627
0.34685
0.2629
