0.9212
0.9161
0.97735
0.69235
0.7836
0.2216
0.4246
0.10545
0.854
0.30615
0.82175
0.6777
0.05545
0.36705
0.1944
0.9478
0.82975
0.4045
0.9243
0.11345
0.856
0.1693
0.3178
0.31855
0.30725
0.1544
0.0397
0.07605
0.14655
0.03715
0.533
0.31715
0.97555
0.759
0.17755
0.8257
0.438
0.86555
0.7186
0.9223
0.3648
0.565
0.81835
0.5801
0.18995
0.73835
0.1646
0.67785
0.535
0.9541
0.21035
0.404
0.19705
0.9614
0.7528
0.3753
0.5493
0.9166
0.8167
0.55565
0.9943
0.0864
0.1743
0.92045
0.68185
0.5357
0.99065
0.986
0.653
0.1765
0.06905
0.7721
0.75435
0.71785
0.3439
0.49875
0.45805
0.48635
0.461
0.8498
0.43505
0.1442
0.0577
0.9052
0.02055
0.0037
0.21
0.1652
0.01955
0.04015
0.03515
0.76545
0.9106
0.92995
0.8154
0.11135
0.78005
0.47915
0.8495
0.71465
0.9559
0.6476
0.19615
0.2018
0.29225
0.7
0.0835
0.4399
0.10525
0.8946
0.1361
0.386
0.29105
0.77445
0.23165
0.168
0.7393
0.48105
0.12775
0.807
0.999
0.2055
0.552
0.802
0.03675
0.9933
0.68695
0.6031
0.18755
0.9363
0.10155
0.3137
0.2023
0.83025
0.93805
0.17835
0.4405
0.6883
0.655
0.2111
0.1384
0.96225
0.7219
0.51915
0.19935
0.04655
0.8971
0.96385
0.4515
0.9607
0.6993
0.09045
0.43715
0.15925
0.55995
0.05255
0.1831
0.2663
0.21125
0.10095
0.27495
0.1941
