0.8893
0.7944
0.80595
0.79165
0.74555
0.15215
0.2292
0.0223
0.81245
0.5503
0.94005
0.396
0.02235
0.03245
0.23275
0.8715
0.9458
0.52665
0.9171
0.30105
0.73345
0.499
0.66905
0.44525
0.334
0.0303
0.0396
0.23125
0.09045
0.03705
0.4902
0.0553
0.9833
0.9256
0.18405
0.7704
0.30805
0.4994
0.68955
0.89095
0.513
0.3793
0.4779
0.473
0.30575
0.5723
0.23955
0.71585
0.557
0.95955
0.14655
0.37275
0.0687
0.9368
0.58245
0.2094
0.464
0.7751
0.5892
0.28025
0.98915
0.23225
0.33765
0.8122
0.4879
0.62525
0.98625
0.98565
0.9448
0.073
0.03835
0.4545
0.5875
0.97015
0.5734
0.5756
0.411
0.7045
0.92895
0.8585
0.24325
0.05995
0.0676
0.9623
0.0361
0.0177
0.4748
0.02675
0.00875
0.06545
0.0567
0.75405
0.747
0.8629
0.919
0.10585
0.84135
0.5864
0.8738
0.80225
0.9736
0.4429
0.11215
0.4769
0.444
0.43285
0.337
0.4569
0.0609
0.70895
0.2693
0.37735
0.22755
0.17385
0.08315
0.10455
0.65555
0.4821
0.202
0.86325
0.9973
0.23035
0.33835
0.4333
0.26615
0.8762
0.7807
0.6039
0.2676
0.9828
0.0714
0.285
0.13835
0.82675
0.9067
0.16295
0.4471
0.518
0.7632
0.3794
0.303
0.9826
0.5719
0.6208
0.24805
0.1295
0.97105
0.94925
0.5836
0.969
0.597
0.0257
0.4722
0.4145
0.40935
0.21975
0.1343
0.1634
0.35735
0.05355
0.2178
0.41455
