0.90805
0.7367
0.5845
0.941
0.77975
0.1627
0.4923
0.03805
0.70795
0.66
0.96195
0.7666
0.10455
0.2383
0.10725
0.7903
0.9656
0.43975
0.91295
0.1339
0.80405
0.24645
0.7357
0.5564
0.42805
0.208
0.02505
0.09845
0.0863
0.0336
0.63985
0.1664
0.9775
0.817
0.07765
0.89685
0.4092
0.88085
0.6106
0.88475
0.74245
0.48535
0.406
0.5921
0.28005
0.6345
0.1837
0.4047
0.47
0.96895
0.28535
0.279
0.21725
0.8241
0.61695
0.08105
0.4248
0.6717
0.8437
0.3716
0.97325
0.1087
0.1679
0.85875
0.1452
0.7202
0.96685
0.9848
0.90415
0.09805
0.031
0.6924
0.57325
0.78605
0.6312
0.70195
0.4518
0.43665
0.73515
0.9014
0.4698
0.24165
0.07605
0.88715
0.03945
0.00435
0.3789
0.06585
0.01185
0.05585
0.111
0.72645
0.7233
0.8817
0.93615
0.1526
0.72315
0.48
0.9352
0.7229
0.8862
0.32695
0.1569
0.4644
0.542
0.65195
0.2899
0.47515
0.342
0.65195
0.1793
0.1143
0.4661
0.36505
0.1123
0.09195
0.79815
0.37095
0.17135
0.80905
0.96625
0.2256
0.5327
0.65625
0.0822
0.9983
0.7708
0.76635
0.07485
0.93765
0.23105
0.342
0.18365
0.89065
0.9249
0.12835
0.36225
0.672
0.93365
0.566
0.1917
0.8906
0.74385
0.4851
0.2217
0.0761
0.9261
0.96985
0.6644
0.9658
0.614
0.1595
0.31935
0.0704
0.4852
0.302
0.2866
0.38095
0.428
0.05705
0.1884
0.315
