0.79475
0.814
0.75915
0.53425
0.79065
0.13545
0.28495
0.02765
0.92405
0.81975
0.93745
0.399
0.1172
0.3075
0.2754
0.64755
0.9762
0.56755
0.77825
0.12615
0.8229
0.20725
0.6464
0.5086
0.33615
0.0873
0.17475
0.03965
0.1053
0.0772
0.63505
0.2921
0.99085
0.6944
0.11495
0.8474
0.44775
0.63935
0.6438
0.7358
0.366
0.4255
0.64025
0.7866
0.12555
0.457
0.407
0.614
0.33485
0.8773
0.1633
0.4315
0.10475
0.9564
0.767
0.31715
0.45805
0.8463
0.51355
0.3143
0.9654
0.30875
0.3422
0.9187
0.3982
0.32565
0.9431
0.95495
0.9654
0.15865
0.03035
0.4627
0.50955
0.89765
0.305
0.83845
0.41525
0.4069
0.623
0.867
0.43745
0.38325
0.0631
0.875
0.0297
0.00415
0.1028
0.0396
0.0153
0.21325
0.0679
0.6875
0.81765
0.8721
0.7038
0.17895
0.79185
0.6722
0.79605
0.5785
0.93115
0.69755
0.1601
0.3596
0.4335
0.7346
0.24835
0.2454
0.36655
0.78905
0.1592
0.2192
0.2357
0.5087
0.34395
0.1852
0.7086
0.37055
0.13975
0.8134
0.9923
0.1256
0.59165
0.51035
0.1228
0.99395
0.787
0.70405
0.1236
0.9567
0.19665
0.2005
0.3188
0.8525
0.98125
0.0337
0.1861
0.62065
0.8546
0.31565
0.1904
0.96535
0.6271
0.78645
0.17005
0.1655
0.95735
0.916
0.54645
0.98105
0.604
0.35545
0.43475
0.2641
0.5718
0.19345
0.2311
0.15385
0.4707
0.07385
0.26305
0.41935
