0.647
0.9556
0.8772
0.53975
0.743
0.239
0.33
0.04075
0.89905
0.70155
0.97065
0.72175
0.01255
0.17765
0.363
0.8889
0.97515
0.3141
0.79495
0.1128
0.7726
0.3414
0.5687
0.619
0.52525
0.0648
0.0334
0.13845
0.2022
0.133
0.416
0.184
0.979
0.78
0.0311
0.6833
0.51455
0.56
0.64275
0.64045
0.44755
0.404
0.52445
0.5614
0.04105
0.81275
0.46735
0.80845
0.553
0.97195
0.1099
0.2662
0.22675
0.9877
0.8316
0.0969
0.42335
0.76285
0.50315
0.64655
0.999
0.2955
0.189
0.5673
0.4172
0.3202
0.9445
0.92585
0.8062
0.465
0.333
0.44135
0.57505
0.98415
0.48535
0.67975
0.36145
0.7086
0.59765
0.7276
0.33745
0.24175
0.0392
0.92725
0.06265
0.0067
0.10005
0.08755
0.16215
0.35345
0.0297
0.8487
0.72825
0.86915
0.8192
0.1011
0.85235
0.339
0.49265
0.4594
0.97875
0.50245
0.1324
0.30835
0.5791
0.64685
0.087
0.3497
0.4787
0.48275
0.166
0.34625
0.2218
0.58705
0.12835
0.1595
0.87905
0.2574
0.1687
0.78825
0.9872
0.16745
0.374
0.463
0.1178
0.90475
0.77795
0.4838
0.1825
0.919
0.0991
0.2554
0.2695
0.76775
0.97815
0.258
0.3807
0.647
0.8973
0.6639
0.1281
0.97205
0.458
0.8604
0.185
0.02375
0.90725
0.9763
0.625
0.9583
0.6694
0.10595
0.37205
0.1305
0.546
0.0797
0.27655
0.302
0.2804
0.09465
0.23
0.3803
