0.87745
0.92465
0.73515
0.67
0.793
0.2835
0.1154
0.0651
0.68375
0.352
0.8433
0.486
0.07985
0.25285
0.2643
0.88375
0.8891
0.32975
0.86415
0.0711
0.8083
0.3696
0.86275
0.3222
0.69145
0.07835
0.03715
0.11065
0.2043
0.1154
0.59675
0.1271
0.99705
0.6624
0.12625
0.96675
0.314
0.476
0.77525
0.8716
0.40905
0.487
0.5235
0.5189
0.1687
0.72395
0.2995
0.59805
0.17305
0.94095
0.11075
0.498
0.1182
0.9739
0.5302
0.2697
0.3362
0.8517
0.7818
0.482
0.99395
0.14665
0.16355
0.95285
0.428
0.5014
0.98865
0.9702
0.8689
0.12545
0.0286
0.5968
0.5264
0.9049
0.41775
0.9039
0.56225
0.4707
0.62
0.9545
0.2018
0.37255
0.04425
0.95005
0.0713
0.0022
0.554
0.13975
0.001
0.05825
0.01515
0.67525
0.66705
0.76615
0.82475
0.13535
0.87375
0.5728
0.6444
0.63225
0.99555
0.693
0.1718
0.3337
0.49665
0.502
0.2401
0.451
0.2593
0.7934
0.18345
0.33685
0.428
0.3155
0.07025
0.32665
0.9584
0.382
0.36765
0.80835
0.99605
0.39
0.40455
0.5133
0.03835
0.99685
0.6442
0.8074
0.0563
0.9716
0.20175
0.222
0.2278
0.96725
0.86655
0.10725
0.39885
0.548
0.8796
0.63655
0.07485
0.9792
0.9284
0.6531
0.1296
0.0817
0.98375
0.95615
0.7395
0.894
0.69755
0.03025
0.27595
0.22935
0.23615
0.10195
0.21315
0.45865
0.577
0.05315
0.1183
0.48735
