0.9443
0.81285
0.7887
0.89395
0.72615
0.0794
0.521
0.02125
0.9786
0.572
0.93675
0.40875
0.03045
0.3461
0.175
0.7499
0.98405
0.488
0.91895
0.1299
0.8072
0.34375
0.8291
0.4731
0.51865
0.15515
0.2297
0.0192
0.10585
0.0396
0.4323
0.29525
0.9814
0.98565
0.08125
0.89185
0.72675
0.8949
0.6409
0.9421
0.3836
0.5029
0.67555
0.6172
0.2465
0.4637
0.2411
0.88825
0.574
0.9619
0.24415
0.521
0.0559
0.8924
0.55545
0.28525
0.4397
0.83055
0.7302
0.41555
0.9988
0.52105
0.35515
0.7428
0.10475
0.11125
0.90985
0.9783
0.8145
0.1518
0.0405
0.33995
0.67425
0.9605
0.27575
0.67045
0.521
0.3638
0.61955
0.789
0.5676
0.1617
0.1454
0.8678
0.0427
0.00785
0.48495
0.09705
0.0197
0.0452
0.164
0.7657
0.80765
0.93835
0.833
0.1141
0.71085
0.44855
0.7323
0.3306
0.9272
0.8
0.368
0.2684
0.3723
0.74005
0.0517
0.3355
0.29
0.80295
0.29635
0.5342
0.526
0.40315
0.29845
0.1433
0.8108
0.562
0.28425
0.8939
0.9908
0.09275
0.5803
0.59275
0.0439
0.986
0.71375
0.59785
0.22625
0.93395
0.06395
0.254
0.18045
0.96195
0.97345
0.05275
0.3579
0.6939
0.9585
0.19605
0.38155
0.9932
0.6316
0.67395
0.15655
0.0526
0.9888
0.972
0.70545
0.83525
0.6798
0.02485
0.22355
0.30805
0.90775
0.18975
0.1545
0.45815
0.51785
0.0707
0.22565
0.40935
