0.8841
0.75465
0.6459
0.81455
0.82965
0.16295
0.376
0.02135
0.92275
0.617
0.89375
0.66
0.043
0.46
0.264
0.85945
0.96815
0.508
0.82695
0.0519
0.8922
0.2976
0.8346
0.609
0.24265
0.09
0.05455
0.1029
0.00395
0.1142
0.4729
0.12315
0.98905
0.88175
0.1546
0.8674
0.3115
0.9495
0.479
0.8705
0.45245
0.45865
0.36395
0.7561
0.13425
0.77935
0.0939
0.66725
0.409
0.97535
0.1825
0.614
0.07855
0.97315
0.81865
0.52755
0.33095
0.7848
0.627
0.5463
0.9874
0.51
0.18945
0.92525
0.4427
0.4836
0.97355
0.98865
0.7055
0.1201
0.0367
0.3759
0.8538
0.79575
0.322
0.9214
0.596
0.28195
0.652
0.73845
0.45485
0.27715
0.0553
0.93625
0.05245
0.0032
0.5619
0.03515
0.07205
0.08075
0.05705
0.739
0.7453
0.83205
0.7906
0.09645
0.80255
0.36455
0.7996
0.75395
0.96925
0.728
0.1133
0.432
0.53965
0.86145
0.119
0.368
0.20085
0.86635
0.129
0.499
0.1963
0.45405
0.1946
0.0936
0.8582
0.44475
0.27015
0.81295
0.9983
0.1454
0.37955
0.606
0.0817
0.983
0.76165
0.566
0.02735
0.95715
0.0769
0.325
0.24395
0.73375
0.954
0.1094
0.28205
0.6384
0.94415
0.51815
0.082
0.9683
0.78105
0.47495
0.159
0.12085
0.9586
0.9772
0.6236
0.9634
0.3561
0.0854
0.4418
0.15585
0.83335
0.4439
0.28105
0.2086
0.6059
0.064
0.17205
0.11185
