0.81615
0.81275
0.7796
0.85305
0.656
0.09615
0.2955
0.0953
0.94395
0.78
0.8869
0.5986
0.108
0.239
0.33895
0.70245
0.9925
0.2908
0.87695
0.0191
0.9874
0.3589
0.7308
0.38105
0.47955
0.1681
0.012
0.305
0.1674
0.05015
0.3167
0.06725
0.87545
0.7527
0.1442
0.709
0.6973
0.70895
0.4956
0.80525
0.3537
0.5691
0.87765
0.35325
0.19935
0.6177
0.08345
0.5178
0.507
0.9463
0.37815
0.3092
0.1662
0.996
0.80585
0.0855
0.254
0.91135
0.8464
0.44
0.98685
0.14505
0.11375
0.8297
0.63155
0.5875
0.99005
0.96765
0.8248
0.26685
0.0604
0.42845
0.6539
0.973
0.2494
0.6276
0.4559
0.4817
0.5006
0.9106
0.13815
0.3265
0.09835
0.743
0.0409
0.005
0.2883
0.1783
0.0044
0.02505
0.06605
0.83595
0.86445
0.95595
0.8931
0.1805
0.7052
0.5217
0.79165
0.4427
0.97505
0.6765
0.10415
0.3345
0.45
0.89405
0.3638
0.504
0.2443
0.93765
0.17425
0.51945
0.24575
0.55315
0.23015
0.19405
0.76035
0.5025
0.29505
0.90015
0.9959
0.24565
0.91785
0.49755
0.08135
0.99625
0.74915
0.65905
0.122
0.98285
0.1065
0.2647
0.1947
0.8313
0.9601
0.16555
0.47
0.6898
0.4423
0.6428
0.18465
0.95615
0.6528
0.528
0.2974
0.205
0.9614
0.96845
0.8005
0.9261
0.56205
0.07565
0.5153
0.0969
0.85485
0.0832
0.199
0.5131
0.3013
0.1413
0.16665
0.41005
