0.898
0.94005
0.64205
0.819
0.74485
0.0619
0.38865
0.0773
0.8734
0.4153
0.90285
0.4795
0.09135
0.23835
0.18085
0.652
0.9634
0.32265
0.7124
0.0489
0.73705
0.2904
0.7412
0.6626
0.443
0.0208
0.06465
0.06905
0.0753
0.07795
0.50865
0.33495
0.9763
0.7136
0.21475
0.76715
0.3809
0.511
0.5482
0.96545
0.3517
0.5178
0.3748
0.41925
0.301
0.8188
0.2868
0.629
0.487
0.93665
0.1261
0.4143
0.0451
0.84285
0.56
0.24675
0.52645
0.8693
0.7818
0.0566
0.969
0.1079
0.10035
0.88935
0.30205
0.7408
0.9903
0.9567
0.7777
0.12115
0.02955
0.60775
0.51715
0.95065
0.221
0.51755
0.537
0.24935
0.7505
0.7476
0.46145
0.27335
0.04075
0.96315
0.06315
0.03125
0.147
0.12855
0.07965
0.06255
0.0902
0.74035
0.94075
0.924
0.6835
0.0211
0.88215
0.4384
0.8331
0.64085
0.9773
0.65395
0.133
0.31565
0.2567
0.78095
0.25735
0.33115
0.3473
0.85245
0.1623
0.569
0.17745
0.53
0.1379
0.1385
0.58375
0.5279
0.1202
0.8881
0.99645
0.20565
0.44885
0.8223
0.0556
0.98045
0.6279
0.6927
0.1521
0.9485
0.12915
0.329
0.34845
0.87715
0.92035
0.15615
0.46
0.52315
0.495
0.69715
0.08895
0.9257
0.3905
0.70955
0.11025
0.1332
0.9695
0.9777
0.6956
0.8328
0.498
0.0755
0.492
0.2169
0.63235
0.2561
0.11865
0.3682
0.45735
0.0156
0.06865
0.438
