0.7934
0.57585
0.9264
0.6135
0.8425
0.0819
0.56565
0.029
0.8423
0.2298
0.9256
0.569
0.0305
0.2175
0.3073
0.7487
0.9868
0.1308
0.9096
0.1872
0.7124
0.028
0.74405
0.71055
0.4255
0.12265
0.07825
0.1225
0.09875
0.06735
0.7438
0.2745
0.98235
0.77635
0.09215
0.7436
0.58705
0.84635
0.84605
0.91465
0.35855
0.2728
0.4757
0.493
0.12455
0.51515
0.2752
0.519
0.382
0.9276
0.14785
0.21205
0.2805
0.88255
0.95205
0.24875
0.2213
0.8346
0.74045
0.44305
0.99725
0.2437
0.34455
0.9474
0.517
0.46275
0.946
0.93035
0.83675
0.28555
0.03865
0.3523
0.71475
0.89655
0.38005
0.73505
0.53645
0.343
0.5483
0.86555
0.46035
0.14885
0.03755
0.9541
0.0096
0.0069
0.3976
0.1264
0.04225
0.0404
0.0242
0.626
0.7911
0.9215
0.9982
0.22565
0.74485
0.69375
0.463
0.50535
0.9699
0.64005
0.2282
0.33605
0.24395
0.3197
0.27745
0.271
0.1833
0.85045
0.1402
0.494
0.23885
0.7909
0.11735
0.15355
0.91895
0.59135
0.26175
0.80545
0.9981
0.0769
0.36575
0.513
0.0464
0.8331
0.71785
0.6038
0.16875
0.97205
0.1514
0.2004
0.07085
0.7231
0.9715
0.10125
0.5231
0.73105
0.64145
0.28125
0.30115
0.96655
0.8102
0.8309
0.2026
0.15835
0.8765
0.8359
0.66865
0.93345
0.6813
0.04675
0.48585
0.18375
0.58
0.1604
0.3188
0.39865
0.524
0.13515
0.414
0.7625
