0.9049
0.88265
0.7566
0.8932
0.66
0.226
0.0692
0.1966
0.91725
0.4606
0.9127
0.7637
0.34495
0.283
0.23675
0.80735
0.96555
0.2753
0.8036
0.0614
0.7109
0.17235
0.64325
0.453
0.60225
0.05075
0.38595
0.02075
0.09895
0.1392
0.5769
0.0685
0.93055
0.81095
0.322
0.6537
0.37675
0.74135
0.67655
0.926
0.22985
0.32
0.69335
0.69475
0.06995
0.597
0.09825
0.5038
0.3911
0.95155
0.0975
0.1165
0.0519
0.632
0.85565
0.2571
0.47245
0.70705
0.803
0.43
0.9858
0.07565
0.1965
0.79505
0.30685
0.48645
0.99355
0.98915
0.8436
0.12575
0.0187
0.34305
0.49935
0.90855
0.2535
0.523
0.34005
0.76745
0.568
0.685
0.34075
0.1637
0.1301
0.95755
0.07625
0.00235
0.43025
0.0477
0.0161
0.02155
0.083
0.6941
0.8582
0.7963
0.97355
0.0319
0.81715
0.6054
0.7555
0.61155
0.95275
0.8163
0.3116
0.35145
0.7014
0.6297
0.123
0.5031
0.41
0.8533
0.29095
0.47295
0.14545
0.734
0.149
0.0965
0.94505
0.5274
0.24345
0.8346
0.9974
0.1718
0.4321
0.52315
0.18255
0.9894
0.67845
0.74015
0.10825
0.97765
0.18665
0.39145
0.28655
0.9297
0.8676
0.14015
0.427
0.547
0.52585
0.3582
0.09235
0.98365
0.61275
0.915
0.21505
0.223
0.9554
0.87665
0.88915
0.78845
0.4204
0.11725
0.4924
0.14545
0.503
0.19505
0.2187
0.16755
0.185
0.07825
0.238
0.40985
