0.96195
0.75885
0.5036
0.63615
0.568
0.37905
0.45735
0.02505
0.8605
0.41425
0.82305
0.587
0.08425
0.429
0.1434
0.7399
0.87005
0.6049
0.6096
0.02825
0.8835
0.06605
0.8026
0.3335
0.44495
0.04355
0.3859
0.0411
0.27675
0.2658
0.4809
0.335
0.9897
0.9577
0.2471
0.6492
0.421
0.5102
0.35875
0.8813
0.43745
0.51945
0.474
0.534
0.418
0.77395
0.32405
0.5564
0.492
0.9155
0.3
0.414
0.05055
0.7903
0.72205
0.15975
0.454
0.7215
0.87565
0.3771
0.99085
0.0473
0.05545
0.96225
0.369
0.35695
0.97885
0.9777
0.9567
0.2799
0.0984
0.402
0.43715
0.843
0.88055
0.58905
0.4713
0.6165
0.4133
0.9171
0.35035
0.38215
0.0716
0.9896
0.02995
0.0037
0.3303
0.05555
0.0074
0.2751
0.01965
0.753
0.8395
0.85445
0.78845
0.0568
0.8218
0.5823
0.7974
0.625
0.96745
0.5093
0.0769
0.48535
0.52945
0.7876
0.3548
0.28395
0.31495
0.80275
0.20385
0.31255
0.25695
0.35425
0.09055
0.21405
0.75395
0.3914
0.19025
0.8413
0.99695
0.254
0.4871
0.5637
0.05175
0.89695
0.57535
0.7909
0.11605
0.9603
0.0505
0.26565
0.09045
0.98765
0.8432
0.2455
0.56115
0.4414
0.97275
0.71385
0.341
0.986
0.68525
0.6687
0.2193
0.0967
0.96815
0.92955
0.77475
0.9873
0.2347
0.224
0.1453
0.1451
0.55515
0.07945
0.2386
0.24
0.2636
0.0172
0.1806
0.3436
