0.7957
0.90775
0.623
0.4465
0.9637
0.13925
0.2703
0.1583
0.8237
0.48175
0.83745
0.65715
0.1178
0.27385
0.38325
0.6091
0.97445
0.4698
0.82625
0.05485
0.8985
0.3448
0.60725
0.43145
0.3857
0.25135
0.22735
0.00875
0.0717
0.10675
0.67675
0.18
0.9884
0.716
0.40205
0.564
0.44345
0.469
0.352
0.9587
0.3634
0.2402
0.373
0.431
0.22875
0.81905
0.13805
0.59065
0.47
0.9494
0.0339
0.3805
0.1882
0.80125
0.9464
0.3888
0.48785
0.93885
0.33655
0.29775
0.9915
0.21135
0.13515
0.96535
0.38695
0.36745
0.99095
0.98635
0.64595
0.31555
0.0385
0.5239
0.8986
0.99475
0.34045
0.81055
0.6559
0.42305
0.5327
0.8368
0.2822
0.2638
0.06785
0.9007
0.02095
0.01015
0.2479
0.2252
0.00105
0.0185
0.00225
0.7176
0.9048
0.8785
0.88175
0.10155
0.89205
0.4661
0.67785
0.78565
0.9424
0.682
0.2457
0.4091
0.36515
0.8159
0.2226
0.3761
0.1695
0.6911
0.25875
0.44325
0.48735
0.566
0.38615
0.1094
0.82705
0.4949
0.1158
0.8061
0.99765
0.2492
0.5053
0.5778
0.0915
0.8869
0.8704
0.7884
0.0326
0.9716
0.0575
0.19825
0.388
0.6382
0.9294
0.1432
0.4716
0.7344
0.4093
0.5488
0.14915
0.9961
0.7006
0.92025
0.22015
0.0718
0.97145
0.99395
0.77315
0.9385
0.34505
0.09925
0.19115
0.4419
0.50455
0.1817
0.224
0.44175
0.4033
0.02205
0.11095
0.4367
