0.83905
0.8131
0.9779
0.66415
0.80095
0.2668
0.33005
0.1212
0.7143
0.4717
0.9452
0.413
0.08125
0.4108
0.34175
0.8152
0.948
0.4013
0.9079
0.05665
0.9333
0.3813
0.92395
0.4815
0.60245
0.124
0.32075
0.03655
0.0247
0.00335
0.47565
0.18385
0.97805
0.73475
0.12285
0.8133
0.51635
0.794
0.72805
0.8698
0.3823
0.3275
0.455
0.452
0.12285
0.6582
0.1183
0.57265
0.56785
0.95915
0.1914
0.1952
0.1463
0.98865
0.758
0.18755
0.7097
0.87585
0.7005
0.31725
0.98895
0.09595
0.2471
0.8648
0.19065
0.502
0.982
0.9912
0.768
0.2147
0.006
0.487
0.40755
0.99345
0.4869
0.639
0.49225
0.45585
0.70045
0.84785
0.2317
0.3034
0.1003
0.95265
0.03015
0.0055
0.2089
0.0933
0.04905
0.0118
0.25945
0.76955
0.84135
0.80855
0.85575
0.12325
0.84895
0.628
0.7908
0.4147
0.96755
0.632
0.21975
0.4842
0.8431
0.68755
0.83425
0.3413
0.2802
0.8901
0.365
0.25655
0.335
0.5047
0.303
0.1423
0.77805
0.3788
0.13925
0.83915
0.9987
0.28855
0.4448
0.49385
0.0591
0.9672
0.3239
0.514
0.14975
0.9518
0.142
0.296
0.2124
0.8966
0.87705
0.164
0.442
0.5242
0.96235
0.56375
0.4367
0.96735
0.9105
0.82785
0.16185
0.19375
0.9737
0.99505
0.7396
0.8498
0.4118
0.1182
0.397
0.04945
0.7641
0.3423
0.2357
0.4672
0.484
0.02355
0.333
0.72225
