0.8494
0.7926
0.8886
0.76455
0.86195
0.1595
0.5412
0.03825
0.94625
0.701
0.83525
0.6325
0.03485
0.2359
0.2239
0.72095
0.93725
0.2362
0.74785
0.1686
0.8122
0.35315
0.449
0.52475
0.3228
0.0359
0.1156
0.0138
0.0368
0.07405
0.3273
0.0495
0.9464
0.87965
0.1963
0.91455
0.4839
0.83825
0.54585
0.7987
0.51835
0.4083
0.535
0.7219
0.16425
0.76785
0.24205
0.6296
0.6322
0.9419
0.3019
0.4665
0.1099
0.9086
0.7663
0.0711
0.435
0.75965
0.523
0.3662
0.9967
0.0724
0.18515
0.649
0.5883
0.405
0.9943
0.9389
0.8459
0.2199
0.0311
0.6776
0.35805
0.86285
0.2549
0.55
0.4629
0.57215
0.653
0.84615
0.4731
0.20065
0.0972
0.9387
0.08675
0.03065
0.1686
0.0958
0.0049
0.0304
0.01335
0.55995
0.7926
0.92455
0.80685
0.0989
0.736
0.69595
0.80795
0.6176
0.97275
0.6
0.17855
0.5418
0.2431
0.8011
0.22595
0.496
0.3103
0.7378
0.2469
0.6074
0.28415
0.45205
0.13455
0.1086
0.60405
0.53245
0.2931
0.7943
0.9948
0.24835
0.56165
0.59245
0.09355
0.88445
0.5818
0.47
0.1377
0.97245
0.2203
0.1861
0.20035
0.8153
0.8825
0.163
0.3491
0.579
0.67705
0.59625
0.3134
0.9211
0.5966
0.5328
0.2156
0.1097
0.97545
0.928
0.61515
0.83585
0.44745
0.01565
0.4915
0.0954
0.5481
0.11335
0.2175
0.43455
0.544
0.06625
0.2751
0.375
