0.8932
0.90245
0.94005
0.649
0.8896
0.15875
0.36375
0.1827
0.94625
0.6139
0.91595
0.91655
0.05555
0.29
0.266
0.79645
0.9627
0.47365
0.66885
0.08115
0.86675
0.17835
0.62685
0.9166
0.52275
0.0354
0.0219
0.14845
0.12905
0.47375
0.61615
0.09985
0.92895
0.9152
0.2368
0.8586
0.60025
0.90475
0.86855
0.83335
0.19625
0.5511
0.5468
0.669
0.39055
0.9092
0.1285
0.84385
0.4537
0.9291
0.32915
0.3321
0.1781
0.84025
0.60975
0.37165
0.431
0.821
0.8136
0.46365
0.928
0.0749
0.31845
0.9446
0.1388
0.40115
0.95655
0.97195
0.8477
0.0489
0.0547
0.43015
0.81585
0.9222
0.65945
0.604
0.595
0.449
0.6698
0.81045
0.46125
0.1092
0.063
0.9218
0.0272
0.001
0.527
0.0799
0.0522
0.03975
0.03995
0.702
0.77
0.8003
0.8898
0.03935
0.7366
0.53005
0.9048
0.495
0.9875
0.6912
0.17805
0.27485
0.333
0.75905
0.0924
0.3616
0.0497
0.7791
0.18485
0.379
0.3494
0.3614
0.1987
0.09565
0.569
0.33
0.11025
0.86695
0.99075
0.2541
0.4475
0.62455
0.08815
0.9511
0.60595
0.66205
0.0865
0.9799
0.0809
0.30605
0.1206
0.8957
0.975
0.0398
0.3214
0.73255
0.6363
0.6349
0.06255
0.9975
0.7063
0.4306
0.19155
0.12705
0.9751
0.9522
0.38505
0.9414
0.66705
0.24285
0.5823
0.1126
0.527
0.33375
0.1197
0.4321
0.567
0.30885
0.2119
0.4204
