0.8389
0.85595
0.95405
0.78855
0.771
0.10595
0.27555
0.16995
0.91875
0.474
0.7675
0.53765
0.06755
0.37885
0.19555
0.9004
0.94445
0.3624
0.84715
0.0502
0.84425
0.27715
0.76125
0.46055
0.466
0.0571
0.0835
0.0477
0.1711
0.0425
0.68045
0.1005
0.95115
0.707
0.15685
0.681
0.26625
0.65835
0.74525
0.73875
0.34765
0.4401
0.66795
0.69495
0.41625
0.78595
0.09605
0.60485
0.5822
0.95885
0.32625
0.21535
0.17845
0.96665
0.49735
0.19665
0.364
0.92155
0.8898
0.2579
0.98075
0.27675
0.2024
0.9482
0.1192
0.62735
0.96375
0.902
0.8199
0.1793
0.0365
0.54605
0.3398
0.96885
0.2659
0.558
0.4406
0.59135
0.80865
0.73305
0.52425
0.162
0.09935
0.9266
0.0978
0.01415
0.4365
0.06645
0.02925
0.0323
0.02025
0.79685
0.8176
0.95255
0.94985
0.1855
0.67275
0.72255
0.6436
0.75515
0.94635
0.62685
0.44
0.28415
0.454
0.7985
0.1367
0.46395
0.355
0.8234
0.13675
0.1728
0.24365
0.35935
0.2909
0.3367
0.69985
0.436
0.22245
0.779
0.99285
0.08065
0.4352
0.24185
0.1565
0.9953
0.7805
0.659
0.1883
0.94565
0.20875
0.24045
0.1617
0.9781
0.95325
0.21685
0.3056
0.6824
0.69895
0.541
0.11375
0.9952
0.47725
0.586
0.13335
0.13685
0.9781
0.8043
0.65265
0.9443
0.54445
0.04125
0.3826
0.43055
0.4419
0.131
0.1451
0.2317
0.3632
0.11145
0.2137
0.3987
